17880739043
774314574
26
293
1865743947
1548629148
30
347
1865743947
109
0
188
1749860522
198
874930261
2288726920
18880109099
433945157
66
112
867890314
434
3731487894
759
182
159
211
975443163
98
1511898360
4141555490
982
378993830
1609397740
356280971
881929542
1105789798
1675268701
1398303577
187469941
1007329784
2370924714
2014659568
3316850728
2102052550
2941910846
2999930956
2937068580
805099482
840969700
1407596480
1430512226
17666884791
1995573662
100
212
379
73
88717435
1696241620
88
102
3192783214
160
199
2519119649
1141870474
166
757987660
1234457858
1629894288
1300328819
1990426027
871135657
2926954730
2435172704
3632065410
1563185712
1539780124
651095580
3863568054
742760622
1516071466
1334476002
15615772866
145
34
51
264
5298867438
90
1327366186
220
1597701744
1549428689
11614735238
1588877307
1856233304
2062747606
1931784027
322552134
13070004538
152
36
137
5589376912
610627864
108
208
1268150439
3098857378
11162712892
3608330642
1618349377
2224463338
7017867706
2160843143
13220282254
42
72
5584252288
1890564232
1789530361
1999397517
0
0
1865743947
0
0
0
188
0
0
1865743947
0
0
0
0
0
0
0
0
0
2288726920
0
0
112
0
0
0
0
0
0
0
2288726920
0
1511898360
0
0
0
0
0
0
0
0
0
0
0
0
0
0
0
0
0
1675268701
0
0
0
2370924714
0
0
2102052550
2941910846
1407596480
1407596480
0
0
30
1865743947
0
0
1749860522
0
1865743947
0
0
0
0
867890314
0
0
0
0
0
0
