350759062
640747647
0
0
0
0
0
416087444
361743271
148269437
759534327
323113303
534607258
0
0
759534327
279467561
696669698
758867258
205998803
350759062
485561434
207606140
949931760
923189885
279412901
37810566
416087444
294263281
890982526
350759062
640747647
0
0
0
0
0
416087444
361743271
148269437
759534327
323113303
534607258
0
961264209
759534327
279467561
696669698
525057011
205998803
350759062
485561434
207606140
949931760
923189885
279412901
37810566
416087444
294263281
890982526
6
1
1
699496932
892852568
713939942
0
0
416087444
949967308
148269437
759534327
323113303
534607258
0
325174836
279412901
37810566
855576735
294263281
890982526
7
1
1
699496932
892852568
713939942
350759062
320119030
0
0
0
759534327
323113303
534607258
0
10281351
3
1
1
699496932
892852568
713939942
536060076
0
416087444
949967308
148269437
1
1
1
699496932
892852568
713939942
1
1
15
699496932
892852568
713939942
350759062
320119030
787624210
0
0
1
1
15
699496932
380651811
713939942
350759062
320119030
513443818
0
0
1
1
15
947590496
380651811
713939942
536060076
0
416087444
487073205
148269437
279412901
786161510
855576735
294263281
890982526
1
1
15
947590496
626409609
713939942
350759062
320119030
453735097
0
0
1
7
15
947590496
626409609
713939942
536060076
0
222967010
487073205
148269437
536060076
0
222967010
487073205
574034640
1
7
15
783098687
626409609
713939942
618341390
0
222967010
487073205
574034640
1
7
15
532271405
626409609
713939942
618341390
37810566
222967010
487073205
574034640
1
7
15
178300906
626409609
713939942
1
7
15
178300906
796331518
713939942
618341390
0
222967010
769546065
574034640
3
7
15
178300906
796331518
713939942
618341390
0
153240740
769546065
574034640
3
7
15
178300906
143090619
713939942
3
7
31
178300906
143090619
713939942
618341390
0
153240740
736749962
574034640
3
7
31
178300906
333162246
713939942
618341390
0
153240740
274850910
574034640
3
7
31
178300906
333162246
8727616
174626160
0
153240740
274850910
574034640
3
7
31
624537726
333162246
8727616
174626160
0
153240740
274850910
590187140
174626160
0
350656241
274850910
590187140
759534327
323113303
534607258
0
0
6
1
15
699496932
549894529
713939942
0
0
982362535
361743271
148269437
759534327
279467561
696669698
525057011
281294146
7
0
1
699496932
892852568
713939942
19054879
320119030
0
0
0
279412901
247130660
855576735
294263281
890982526
536060076
0
986404170
949967308
148269437
279412901
37810566
855576735
294263281
146988852
536060076
0
416087444
949967308
369598651
279412901
37810566
855576735
294263281
975015433
1
1
15
699496932
380651811
127
536060076
37810566
416087444
949967308
148269437
536060076
0
416087444
487073205
508116883
1
1
15
947590496
626409609
0
350759062
436959350
453735097
0
0
1
7
15
783098687
495961135
713939942
1
211
15
532271405
626409609
713939942
1
1
15
532271405
626409609
713939942
618341390
0
222967010
300858994
574034640
1
7
15
178300906
192710359
713939942
44049810
0
222967010
487073205
574034640
1
7
15
178300906
796331518
0
3
7
15
178300906
109672030
713939942
618341390
0
2972335
769546065
574034640
3
7
15
178300906
796331518
8727616
0
0
153240740
769546065
574034640
3
7
31
178300906
143090619
9999360
3
6
31
178300906
333162246
713939942
174626160
0
153240740
326768682
574034640
174626160
0
350656241
596273402
590187140
759534327
323113303
534607258
0
657829613
350759062
485561434
207606140
599286037
923189885
279412901
37810566
921308046
294263281
890982526
0
0
982362535
361743271
286338037
759534327
279467561
468115543
525057011
281294146
279412901
37810566
416087444
294263281
349280032
645939001
640747647
0
0
0
536060076
0
416087444
24322011
148269437
759534327
323113303
534607258
0
916353971
7
6
1
699496932
892852568
713939942
312934938
320119030
0
0
0
190068088
37810566
855576735
294263281
890982526
1
1
1
699496932
546314090
713939942
584032580
247130660
855576735
294263281
890982526
84415151
0
416087444
949967308
369598651
637065311
37810566
855576735
294263281
975015433
536060076
37810566
416087444
949967308
929352522
1
1
15
947590496
567971809
713939942
279412901
716365607
855576735
294263281
890982526
315274231
0
416087444
487073205
148269437
1
7
15
947590496
626409609
0
534537865
320119030
453735097
0
0
1
7
63
947590496
626409609
713939942
631867883
320119030
453735097
0
0
1
7
15
783098687
495961135
0
618341390
0
222967010
124127596
574034640
1
16003
15
532271405
626409609
713939942
618341390
0
273960395
300858994
574034640
1
1
15
178300906
796331518
0
618341390
0
222967010
769546065
959485774
7
7
15
178300906
109672030
713939942
618341390
0
2972335
831819963
574034640
1
7
15
178300906
796331518
8727616
766166704
0
153240740
769546065
574034640
0
0
153240740
326752662
574034640
3
7
31
178300906
830492482
9999360
618341390
102838263
153240740
736749962
574034640
131302081
0
153240740
274850910
574034640
3
7
31
624537726
333162246
16003
174626160
0
153240740
156743265
574034640
174626160
0
153240740
274850910
920131286
350759062
485561434
207606140
599286037
691161631
7
1
15
699496932
549894529
713939942
536060076
0
982362535
361743271
286338037
759534327
323113303
237584388
0
961264209
279412901
947503880
416087444
294263281
349280032
645939001
640747647
787624210
0
0
7
6
1
699496932
892852568
16002
1
1
1
243803083
546314090
713939942
331721122
0
986404170
949967308
148269437
536060076
0
416087444
487073205
281697691
279412901
716365607
855576735
708987161
890982526
1
1
1
947590496
626409609
0
1
7
15
947590496
626409609
66303100
536060076
0
222967010
487073205
82348127
902666152
0
222967010
124127596
574034640
1
16003
15
532271405
540017520
713939942
1
1
15
532271405
626409609
0
618341390
0
515500284
300858994
574034640
1
43
15
178300906
192710359
713939942
7
7
15
178300906
109672030
127
1
7
0
178300906
796331518
8727616
3
7
15
178300906
450964304
713939942
39895902
102838263
153240740
736749962
574034640
3
7
31
178300906
396521421
8727616
3
7
31
624537726
333162246
1045507
174626160
268151613
153240740
156743265
574034640
174626160
0
652323421
274850910
920131286
536060076
0
203397544
361743271
286338037
759534327
279467561
701435609
525057011
281294146
279412901
947503880
626544036
294263281
349280032
562409434
323113303
534607258
0
916353971
7
6
1
699496932
892852568
1984248
84415151
0
416087444
949967308
42074901
1
0
15
699496932
380651811
127
1
1
63
947590496
567971809
713939942
953247762
716365607
855576735
708987161
890982526
1
1
1
947590496
540173591
0
1
7
15
947590496
626409609
31487079
536060076
0
222967010
33484691
148269437
1
43
63
947590496
626409609
713939942
1
7
15
783098687
495961135
1
902666152
0
34178358
124127596
574034640
1
43
15
178300906
796450246
713939942
618341390
37810566
222967010
769546065
959485774
6
7
15
178300906
109672030
127
713201060
0
2972335
831819963
574034640
766166704
0
153240740
769546065
904839855
3
7
1
178300906
450964304
713939942
0
0
433570689
326752662
574034640
3
7
31
178300906
261078974
9999360
39895902
102838263
153240740
736749962
767541614
3
7
31
624537726
333162246
75399170
174626160
268151613
153240740
156743265
586693619
946471668
0
350656241
596273402
590187140
0
0
931169716
361743271
148269437
759534327
323113303
237584388
0
886580747
279412901
947503880
779971198
294263281
349280032
157224801
640747647
787624210
0
0
7
6
1
89669803
892852568
1984248
1
1
1
243803083
546314090
0
1
0
3
699496932
380651811
127
536060076
773762149
416087444
949967308
929352522
1
1
63
885729130
567971809
713939942
442091787
0
416087444
487073205
281697691
953247762
716365607
980166708
708987161
890982526
1
1
1
499481995
540173591
0
350759062
707096064
453735097
0
0
1
7
15
848128623
626409609
31487079
631867883
765415936
453735097
0
0
536060076
0
222967010
348093930
82348127
1
1
15
1
626409609
0
618341390
0
648314194
300858994
574034640
0
7
15
178300906
109672030
127
713201060
30992621
2972335
831819963
574034640
766166704
0
153240740
769546065
55973547
3
7
1
178300906
450964304
16002
7
7
31
178300906
261078974
9999360
3
6
31
624537726
333162246
75399170
174626160
268151613
153240740
486963220
586693619
946471668
0
350656241
596273402
867569095
562409434
323113303
649461828
0
916353971
