
59
67999
148999
999999920999999999
69
67999
148999
999999920999999999
59
1273
148999
999999920999999999
8
67999
148999
999999920999999999
59
67999
529
999999920999999999
59
778
128999
999999920999999999
79
67999
148999
999999920999999999
69
7699
148999
999999920999999999
59
1072
128999
999999920999999999
15
67999
148999
999999920999999999
69
67999
23899
999999920999999999
69
7699
349999
999999920999999999
299
778
148999
999999920999999999
69
67999
85999
999999920999999999
59
55299
529
999999920999999999
1099
67999
148999
999999920999999999
15
55399
148999
999999920999999999
69
67999
2479
999999920999999999
1099
778
148999
999999920999999999
1099
778
299999
999999920999999999
59
778
148999
999999920999999999
69
96599
148999
999999920999999999
59
67999
529
1
2
7699
148999
999999920999999999
15
55399
889
999999920999999999
1799
778
299999
999999920999999999
59
956
148999
999999920999999999
59
769
148999
999999920999999999
59
67999
224999
999999920999999999
69
67999
35899
999999920999999999
69
67999
17599
999999920999999999
59
6429
529
999999920999999999
15
56
148999
999999920999999999
199
778
299999
999999920999999999
59
67999
529
29
59
769
21999
999999920999999999
59
67999
465999
999999920999999999
69
8499
349999
999999920999999999
69
102399
17599
999999920999999999
59
67999
529
999999930999999999
69
8499
4489
999999920999999999
9
8499
4489
999999920999999999
69
56999
148999
999999920999999999
15
7699
148999
999999920999999999
69
67999
349999
999999920999999999
59
67999
4399
1
15
55399
1999
999999920999999999
59
67999
229999
999999920999999999
2
67999
529
29
59
769
125999
999999920999999999
8
67999
186999
999999920999999999
59
67999
3699
1
59
67999
438999
999999920999999999
2
67999
529
39
499
769
125999
999999920999999999
59
67999
61
999999920999999999
59
67999
364999
999999920999999999
79
778
148999
999999920999999999
89
67999
23899
999999920999999999
149
67999
2479
999999920999999999
15
55399
7999
999999920999999999
1599
778
299999
999999920999999999
59
67999
3239
999999920999999999
8
67999
35899
999999920999999999
149
102399
17599
999999920999999999
69
12599
349999
999999920999999999
3
67999
529
29
199
67999
438999
999999920999999999
149
1999
17599
999999920999999999
99
67999
438999
999999920999999999
99
18999
438999
999999920999999999
39
67999
148999
999999920999999999
69
67999
15799
999999920999999999
15
74
148999
999999920999999999
49
67999
465999
999999920999999999
69
179
4489
999999920999999999
69
56999
372999
999999920999999999
8
129499
148999
999999920999999999
69
67999
4489
999999920999999999
1099
1029
148999
999999920999999999
3
7699
148999
999999920999999999
15
55399
1009
999999920999999999
499
769
110999
999999920999999999
149
67999
15799
999999920999999999
3
88599
529
29
3
13799
529
29
8
7699
148999
999999920999999999
59
778
21899
999999920999999999
69
67999
12299
999999920999999999
2399
778
148999
999999920999999999
399
778
148999
999999920999999999
59
956
23899
999999920999999999
59
769
99999
999999920999999999
69
7699
4489
999999920999999999
59
67999
529
99930999999999
139
8499
349999
999999920999999999
89
56999
148999
999999920999999999
89
67999
349999
999999920999999999
59
67999
177999
999999920999999999
2
67999
529
30999999999
99
769
125999
999999920999999999
59
778
3699
1
599
67999
438999
999999920999999999
15
55399
10099
999999920999999999
8
111799
35899
999999920999999999
99
18999
169999
999999920999999999
3
7699
349999
999999920999999999
49
67999
489
999999920999999999
69
56999
372999
999999921999999999
399
778
21899
999999920999999999
59
7699
529
99930999999999
59
778
177999
999999920999999999
8
111799
24999
999999920999999999
49
67999
369
999999920999999999
79
67999
148999
1
69
7699
35999
999999920999999999
59
1150
128999
999999920999999999
79
67999
23899
999999920999999999
1099
778
110999
999999920999999999
59
103399
224999
999999920999999999
69
67999
31199
999999920999999999
129
778
299999
999999920999999999
59
67999
55599
999999920999999999
9
8499
349999
999999920999999999
69
185199
17599
999999920999999999
1099
1251
148999
999999920999999999
8
67999
260999
999999920999999999
59
67999
3699
29
59
778
438999
999999920999999999
79
778
23899
999999920999999999
299
778
299999
999999920999999999
149
1099
17599
999999920999999999
39
93699
148999
999999920999999999
69
778
4489
999999920999999999
59
769
1989
999999920999999999
59
778
529
99930999999999
89
112699
148999
999999920999999999
39
769
125999
999999920999999999
299
778
3699
1
19
55399
10099
999999920999999999
2
7699
349999
999999920999999999
329
778
148999
999999920999999999
79
67999
148999
29
299
67999
55599
999999920999999999
119
778
299999
999999920999999999
15
8299
1009
999999920999999999
299
778
1499
1
69
7699
2479
999999920999999999
29
1072
128999
999999920999999999
15
67999
314999
999999920999999999
49
67999
23899
999999920999999999
1799
778
148999
999999920999999999
1099
67999
2479
999999920999999999
1199
778
299999
999999920999999999
59
1262
148999
999999920999999999
59
67999
529
9999930999999999
19
102399
17599
999999920999999999
8
67999
279999
999999920999999999
59
67999
52899
999999920999999999
2
123499
529
39
59
769
359999
999999920999999999
149
67999
23899
999999920999999999
15
652
7999
999999920999999999
149
102399
23199
999999920999999999
9
75999
4489
999999920999999999
1
129499
148999
999999920999999999
69
29299
4489
999999920999999999
69
67999
28499
999999920999999999
139
8499
467999
999999920999999999
2
54399
529
30999999999
8
67999
438999
999999920999999999
69
22099
2479
999999920999999999
59
1307
177999
999999920999999999
59
778
34999
999999920999999999
59
1150
128999
999999930999999999
9
75999
349999
999999920999999999
59
676
438999
999999920999999999
89
1099
17599
999999920999999999
15
652
1009
999999920999999999
9
769
1989
999999920999999999
59
404
529
99930999999999
1099
778
2479
999999920999999999
59
778
229999
999999920999999999
19
67999
52899
999999920999999999
149
102399
2409
999999920999999999
69
91699
28499
999999920999999999
2
54399
529
10030999999999
69
22099
509
999999920999999999
59
1150
231999
999999930999999999
15
267
1009
999999920999999999
599
404
529
99930999999999
59
1475
229999
999999920999999999
14
1475
229999
999999920999999999
69
67999
148999
999999920999999999
59
67999
148999
999999920999999999
69
67999
148999
999999920999999999
69
67999
23899
999999920999999999
69
7699
349999
999999920999999999
8
67999
148999
999999920999999999
1099
778
148999
999999920999999999
