995052901
356605313
451513186
694516211
853844097
0
333709237
373998013
302107465
171557960
317908351
321419659
302107465
585402415
773520641
634819509
328442275
254133202
935616365
949086041
0
998244353
268322335
966642581
992977391
831376599
379528732
956316208
59762503
467123902
414128261
984377030
891149459
0
302107465
930417499
187358846
439402098
316152697
203159732
319664005
307374427
982443467
955778446
302107465
989466083
619018623
721104268
431235549
309130081
302107465
224827737
859547687
984199121
987710429
335161312
971909543
0
736905154
435712300
991221737
847177485
0
303863119
331953583
970153889
654448714
453447330
312641389
323175313
584087918
975420851
467314072
919815479
874550050
928018193
980687813
996488699
440013819
478638207
302107465
310885735
977176505
968398235
302107465
862978371
467492562
35423188
294227099
302107465
904014593
262194816
330706604
213159344
330197929
875348573
302107465
326686621
603217737
324930967
302107465
302107465
900792008
314397043
979239627
964886927
963131273
0
985954775
973665197
0
594763789
197358458
305618773
228960230
0
754461694
155435187
230610890
803366759
287204483
885682868
0
803167804
127806638
464658296
298065168
582851453
74307402
121279245
704652938
906227572
777027483
663269103
882513348
983868910
938552117
303002631
902408593
578083756
606733511
1427675
404231273
516344742
911846292
510519782
660826766
904396168
660961934
541992980
644551659
198557470
940339092
294271378
342651398
929773847
278695038
484088742
330350183
865100827
793949849
959619965
954353003
831413216
940307771
224257029
285448829
66219126
947330387
997801513
663921108
956108657
208102370
578098764
9409700
983725538
657739484
607766392
460640353
910461653
578710485
715823903
247517294
976581923
961375619
905194691
763280160
5186338
308536319
664257428
322220378
529598468
931038925
886589843
65269306
541493698
820344269
112443712
321435371
672300293
258242668
397383848
310411893
984866303
16142675
922751231
127662142
498503179
726187020
63513652
945574733
821982380
901683383
919992679
596407138
572860863
801611105
474336688
416992704
127753710
754647399
888531868
632360170
599208699
194042212
583015072
716480819
765052479
225754970
230224593
400333588
189771086
942063425
530699791
522879658
722120697
882371189
845543884
794485947
77373412
585691261
620025985
195358295
728830768
962219930
323630434
455558806
82553453
677118596
409244269
809626814
976196713
344201108
187930000
871433832
981718592
913972961
388284528
875348573
493214285
85304273
488298859
912217307
364832499
54643702
906950345
450492490
721029511
538947532
493188489
999719144
784054565
729277551
952597349
501046607
9972808
508655741
675080187
253578727
222472332
995973477
279681330
779227291
323663226
40411525
651039963
762917910
81213070
592156062
800033353
246457288
67803963
668317861
746714576
623247180
471213472
919239923
506563550
787980975
852403322
45957112
878859881
244062106
971964302
631932883
831767331
442734916
657029902
3537707
127929110
501605408
886722449
857417141
927414306
70958309
160198892
884126843
