971207858
971207858
1
3
0
1227772
1402290565
989011659
1
3
0
718042
1341115435
1006123554
1450064255
856168077
1
3
0
1999806
1022796378
1075966853
1772709180
1217974030
1547532584
1072149164
1141589823
1071873787
1060748242
1946528699
1165509907
1842160522
1354281132
1215451493
1269752084
1210427983
1051219867
1236454172
1033132567
1036254308
1443326230
1346735921
1438712085
1755100996
1076764825
1230389568
1013390316
1487502918
1172025922
1273727749
1142725284
1212239409
1918177611
1593089312
1600987526
1539524307
971207858
1
3
0
1227772
971207858
1
3
0
1227772
971207858
1
3
0
1227772
971207858
971207858
971207858
971207858
971207858
971207858
971207858
971207858
971207858
971207858
971207858
971207858
971207858
971207858
971207858
971207858
1
3
0
1227772
971207858
1
3
0
1227772
971207858
1
3
0
1227772
971207858
971207858
971207858
971207858
971207858
971207858
971207858
971207858
971207858
971207858
971207858
1402290565
989011659
1
3
0
718042
971207858
971207858
971207858
971207858
971207858
971207858
1341115435
971207858
971207858
971207858
1450064255
971207858
971207858
971207858
1402290565
856168077
989011659
1
3
0
718042
971207858
971207858
971207858
971207858
971207858
971207858
1022796378
1341115435
971207858
971207858
1075966853
971207858
1450064255
971207858
971207858
971207858
1402290565
856168077
971207858
856168077
971207858
971207858
971207858
1022796378
1341115435
971207858
971207858
1075966853
971207858
1450064255
971207858
971207858
971207858
1402290565
856168077
1772709180
856168077
1217974030
971207858
971207858
971207858
1341115435
971207858
971207858
1450064255
971207858
971207858
971207858
1402290565
856168077
1772709180
1547532584
856168077
1217974030
971207858
971207858
1072149164
1341115435
971207858
971207858
1141589823
1450064255
971207858
971207858
971207858
1402290565
856168077
1772709180
1547532584
856168077
1217974030
971207858
1072149164
1341115435
971207858
971207858
1141589823
1450064255
971207858
971207858
1402290565
856168077
1772709180
856168077
1217974030
1071873787
971207858
1072149164
1341115435
971207858
971207858
1141589823
1450064255
971207858
971207858
