60
56
60
59
59
60
59
50
10
6
60
60
60
60
60
60
59
59
59
59
60
0
59
59
60
108
59
60
59
59
60
59
60
59
50
10
59
60
60
59
59
59
59
59
60
60
59
59
59
60
60
59
59
59
60
60
59
59
59
60
60
60
59
59
59
59
59
60
60
9999999999999998
59
50
10
35
16
59
60
60
59
59
100000000000000006
999999999999999999
999999999999999996
32
72057594037927934
59
59
60
0
59
59
60
0
60
60
61
100000000000000006
60
59
59
60
59
59
60
55
59
59
17293857
741905730120245
74123794818506
74123794818506
10
512
50
10
35
16
1008
1015
27371
60
0
60
60
59
59
60
59
60
59
60
60
59
50
10
6
22
100000000000000006
999999999999999999
59
54
99999999999999998
59
59
17293857
60
74123794818506
74123794818506
10
512
50
10
35
16
1008
1015
27371
63
57
59
59
59
60
59
50
10
6
60
59
60
60
60
60
59
59
201
59
59
60
59
60
60
60
59
60
60
59
60
59
59
59
60
60
5584498670471404
59
60
59
100000000000000006
500000000000000000
999999999999999996
92665515207040974
60
55
59
59
17293857
741905730120245
74123794818506
74123794818506
10
512
50
10
35
16
1276
1015
27371
59
0
60
60
59
59
60
82
60
59
60
59
50
11
6
22
198133109352003862
999999999999999999
54
50000000000000000
59
59
17293857
60
94044584648960
74123794818506
10
512
50
10
35
16
1008
1015
27371
64
60
59
60
60
60
59
59
59
382
60
61
100000000000000006
500000000000000000
499999999999999999
59
59
17293857
741905730120245
37131127362553
74123794818506
10
512
50
10
35
16
1276
1015
27371
59
60
59
59
61
82
60
59
60
62
198133109352003862
500000000000000000
33333333333333334
59
59
17293857
60
94044584648960
74123794818506
10
512
50
10
35
16
1008
1015
21306
65
72
59
54
10
6
60
61
60
60
60
59
59
59
342
100000000000000006
500000000000000000
99719813204730638
56
67
330294356489090542
500000000000000000
153
186706612067897620
59
60
17293857
60
94044584648960
74123794818506
10
512
50
10
35
16
1008
1015
21306
61
95
60
61
58
60
60
59
59
59
268
100000000000000006
999999999999999999
99719813204730638
59
76
59
59
61
82
60
59
70
279582984614204036
500000000000000000
227
136909694156800205
59
60
17293857
60
94044584648960
126778260898060
10
512
50
10
35
16
1008
1015
21306
88
442
100000000000000006
1000000000000000099
99719813204730638
61
105
60
59
70
1378
1235
60
61
58
61
60
59
59
59
725
68
60
62
100000000000000006
1000000000000000099
49859906602365320
180
65
105
60
59
70
1264
59
60
17293857
60
94044584648960
126778260898060
10
512
50
10
35
16
598
1015
21306
109
1217
60
65
58
61
60
59
59
59
58229
60
98
100000000000000006
1000000000000000099
63575493262290338
59
79
59
59
71
105
60
59
70
865
59
60
17293857
60
94044584648960
126778260898060
10
819
50
10
35
16
598
1015
21306
163
2072
60
68
58
61
60
59
59
59
101997
60
95
288
73
105
60
59
70
1001
143
1327
60
58
58
61
60
59
59
59
50999
59
95
439
73
105
59
59
70
1219
119
876
60
58
58
61
60
60
59
59
4712
59
70
726
73
99
59
59
70
1201
81
633
5625
59
83
432
84
99
59
59
70
487
78
743
11249
414
84
99
59
59
65
338
124
465146
60
62
58
61
60
60
59
59
17715
117
782
5106
112
764304
60
60
58
61
60
60
59
59
8858
491
880
6685
118
154634
60
60
58
61
60
60
61
59
10194
349
60
83
1501
74
8326
91
93501
10022
270
1051
71
1045
73
362948
10547
448
77
1305
111
631429
166
294
1287
133
538828
278
58
83
2824
1478
66
371759
98
3325
999
472305
89
58
92
2775
926
651999
58
78
2841
730
34590448
51
79
78
3335
520
20833140
79
131
4299
3581
13714572
73
131
3437
12473
3484249
92
131
