979296788
360
265272552
34141923
20160
1
405591801
643806863
236814910
315525538
970428805
328814650
593679722
792599852
360
386977425
553573229
971636156
429596486
536921451
703613161
682559158
701278536
911371831
830455698
1814400
715095915
638757676
20160
474160434
379457362
239500800
924058387
309126958
25034588
1
239500800
517878947
323758520
1
41675960
517878947
479930293
239500800
971636156
715097853
974503605
1
796779807
613317322
14480144
386977425
882862985
12
593679722
904840727
12
299753863
710075077
1
360
876516086
899717444
228927089
695947115
20160
655921475
1
171195395
414386056
781623358
870706360
133194630
920390755
1
242249437
1
255618610
152921347
449038492
417266680
360
208304992
183336760
809670618
93533682
394870773
559855581
589145299
14790749
130154591
924228990
876516086
265272552
34141923
20160
1
405591801
643806863
236814910
315525538
459832758
328814650
593679722
792599852
360
386977425
971636156
429596486
536921451
703613161
682559158
701278536
911371831
830455698
1814400
715095915
638757676
394870773
474160434
379457362
239500800
882862985
12
593679722
904840727
1
299753863
710075077
1
360
876516086
899717444
228927089
695947115
20160
655921475
1
171195395
414386056
781623358
870706360
133194630
700702610
1
12
554680740
890287984
265272552
34141923
12
1
405591801
643806863
236814910
315525538
459832758
328814650
593679722
792599852
360
386977425
971636156
429596486
536921451
703613161
573530194
701278536
911371831
830455698
1814400
715095915
638757676
394870773
474160434
379457362
239500800
882862985
12
593679722
904840727
1
299753863
346887392
1
360
876516086
360
228927089
695947115
20160
655921475
1
171195395
414386056
781623358
870706360
133194630
700702610
265272552
34141923
12
1
405591801
643806863
105270962
315525538
459832758
328814650
593679722
792599852
360
386977425
971636156
429596486
536921451
703613161
573530194
701278536
223606536
830455698
1814400
715095915
638757676
394870773
474160434
379457362
239500800
882862985
12
593679722
685602584
1
299753863
346887392
1
360
876516086
360
228927089
958288209
20160
655921475
1
171195395
414386056
781623358
870706360
133194630
700702610
771452689
34141923
12
1
405591801
643806863
105270962
315525538
459832758
328814650
593679722
792599852
360
386977425
971636156
429596486
536921451
703613161
573530194
172608927
223606536
830455698
1814400
715095915
638757676
394870773
474160434
379457362
239500800
882862985
12
593679722
685602584
1
299753863
346887392
12
360
876516086
360
228927089
958288209
20160
655921475
1
171195395
414386056
781623358
870706360
40372739
700702610
771452689
34141923
12
1
405591801
643806863
105270962
315525538
459832758
328814650
593679722
792599852
239500800
386977425
971636156
429596486
536921451
703613161
573530194
172608927
223606536
830455698
1814400
715095915
638757676
394870773
474160434
379457362
1814400
882862985
12
593679722
685602584
1
299753863
313534412
12
360
387031660
360
228927089
958288209
20160
655921475
1
171195395
414386056
781623358
870706360
40372739
700702610
771452689
34141923
12
1
405591801
643806863
105270962
315525538
459832758
328814650
593679722
852186114
239500800
386977425
971636156
429596486
536921451
384869784
573530194
172608927
223606536
830455698
1814400
715095915
638757676
394870773
474160434
379457362
1814400
882862985
12
593679722
685602584
12
299753863
313534412
12
360
387031660
360
228927089
958288209
20160
655921475
1
171195395
414386056
781623358
870706360
497562558
700702610
948838627
34141923
12
1
405591801
643806863
105270962
315525538
459832758
328814650
593679722
852186114
239500800
386977425
971636156
429596486
536921451
384869784
573530194
172608927
223606536
830455698
1814400
715095915
638757676
394870773
474160434
379457362
12
882862985
12
593679722
685602584
360
299753863
313534412
12
360
387031660
360
228927089
958288209
20160
755331340
1
171195395
414386056
781623358
870706360
497562558
700702610
948838627
34141923
12
1
405591801
481489820
105270962
315525538
459832758
328814650
593679722
852186114
239500800
386977425
971636156
429596486
536921451
384869784
573530194
172608927
223606536
830455698
1814400
715095915
638757676
1
474160434
379457362
12
882862985
12
593679722
685602584
360
299753863
313427725
12
360
387031660
360
228927089
958288209
20160
755331340
1
171195395
573163035
781623358
870706360
497562558
700702610
948838627
34141923
12
1
405591801
376605894
105270962
315525538
459832758
328814650
593679722
852186114
239500800
386977425
971636156
429596486
536921451
384869784
573530194
172608927
223606536
830455698
1814400
337968465
638757676
1
474160434
379457362
12
375122389
12
593679722
685602584
360
299753863
313427725
12
1814400
387031660
360
228927089
958288209
20160
755331340
1
171195395
573163035
781623358
870706360
497562558
700702610
948838627
34141923
12
1
405591801
376605894
517278032
315525538
459832758
328814650
593679722
852186114
239500800
386977425
971636156
429596486
536921451
384869784
573530194
172608927
223606536
830455698
1814400
337968465
638757676
1
291618426
379457362
12
375122389
12
593679722
226026539
360
299753863
313427725
12
1814400
387031660
360
228927089
958288209
20160
755331340
1
724450546
573163035
781623358
870706360
497562558
700702610
948838627
34141923
12
1
405591801
376605894
517278032
315525538
459832758
328814650
899717444
852186114
239500800
386977425
971636156
429596486
536921451
50010779
573530194
172608927
223606536
830455698
1814400
337968465
638757676
1
291618426
379457362
12
1814400
387031660
360
228927089
958288209
20160
755331340
1
724450546
899717444
781623358
870706360
497562558
700702610
948838627
34141923
12
1
405591801
376605894
517278032
315525538
459832758
328814650
899717444
852186114
20160
386977425
971636156
429596486
536921451
50010779
573530194
625020021
223606536
830455698
1814400
337968465
638757676
1
291618426
379457362
12
1814400
387031660
360
228927089
958288209
20160
755331340
1
724450546
899717444
781623358
870706360
574287787
700702610
948838627
729521009
12
1
405591801
376605894
517278032
315525538
459832758
328814650
899717444
852186114
20160
386977425
971636156
429596486
536921451
50010779
573530194
625020021
223606536
830455698
1814400
221681921
638757676
1
291618426
379457362
12
1814400
387031660
360
228927089
958288209
20160
755331340
1
724450546
899717444
781623358
759229837
574287787
700702610
948838627
729521009
20160
1
405591801
376605894
517278032
315525538
459832758
328814650
899717444
852186114
20160
386977425
243290230
429596486
536921451
50010779
573530194
625020021
223606536
830455698
1814400
221681921
638757676
1
291618426
379457362
12
1814400
387031660
360
703038213
958288209
20160
755331340
1
724450546
899717444
781623358
759229837
574287787
700702610
243290230
429596486
536921451
50010779
573530194
625020021
587687477
830455698
1814400
221681921
638757676
1
291618426
379457362
12
1814400
387031660
360
703038213
958288209
20160
755331340
1
724450546
899717444
781623358
759229837
574287787
825840837
243290230
429596486
536921451
50010779
573530194
625020021
587687477
830455698
1814400
221681921
213242016
1
291618426
379457362
12
1814400
387031660
360
703038213
958288209
20160
755331340
12
724450546
899717444
781623358
759229837
574287787
825840837
243290230
429596486
536921451
50010779
573530194
625020021
587687477
830455698
1814400
221681921
252537407
1
291618426
379457362
12
1814400
387031660
360
703038213
958288209
20160
755331340
12
724450546
899717444
781623358
243290230
574287787
825840837
243290230
429596486
536921451
50010779
573530194
625020021
427832927
830455698
1814400
221681921
252537407
1
291618426
379457362
12
1814400
387031660
360
703038213
958288209
20160
755331340
12
724450546
899717444
108498708
243290230
574287787
825840837
243290230
429596486
536921451
50010779
573530194
625020021
427832927
830455698
1814400
307726106
252537407
1
291618426
379457362
12
1814400
259506824
360
703038213
958288209
20160
755331340
12
724450546
899717444
108498708
243290230
574287787
825840837
243290230
429596486
536921451
387031660
573530194
625020021
427832927
830455698
1814400
307726106
252537407
1
291618426
379457362
12
1814400
259506824
360
703038213
624938753
20160
755331340
12
724450546
899717444
108498708
243290230
574287787
825840837
243290230
429596486
536921451
387031660
573530194
625020021
427832927
830455698
1814400
307726106
252537407
12
291618426
379457362
12
1814400
259506824
360
703038213
624938753
20160
937037336
12
724450546
899717444
108498708
243290230
574287787
825840837
243290230
429596486
536921451
387031660
573530194
625020021
427832927
830455698
830455698
307726106
252537407
12
291618426
379457362
12
1814400
259506824
360
703038213
624938753
20160
937037336
12
724450546
1814400
108498708
243290230
574287787
825840837
243290230
429596486
536921451
387031660
573530194
625020021
427832927
830455698
830455698
307726106
122764607
12
291618426
379457362
12
1814400
259506824
20160
703038213
624938753
20160
937037336
12
724450546
1814400
108498708
243290230
574287787
825840837
243290230
429596486
956791834
387031660
573530194
625020021
427832927
830455698
830455698
307726106
122764607
12
291618426
379457362
12
1814400
259506824
20160
703038213
624938753
20160
937037336
12
724450546
1814400
108498708
243290230
452209262
825840837
243290230
429596486
956791834
387031660
573530194
625020021
427832927
573163035
830455698
307726106
122764607
12
291618426
379457362
12
1814400
259506824
20160
703038213
624938753
20160
937037336
12
724450546
1814400
108498708
243290230
452209262
916878993
243290230
429596486
956791834
387031660
573530194
625020021
896748341
573163035
830455698
307726106
122764607
12
291618426
379457362
12
1814400
259506824
20160
703038213
624938753
20160
937037336
12
724450546
1814400
131300692
243290230
452209262
916878993
243290230
429596486
956791834
387031660
573530194
625020021
836381390
573163035
830455698
307726106
122764607
12
291618426
379457362
12
1814400
259506824
20160
703038213
624938753
20160
937037336
12
724450546
1814400
131300692
243290230
452209262
310030101
243290230
429596486
956791834
387031660
573530194
402455889
836381390
573163035
830455698
307726106
122764607
12
291618426
379457362
12
1814400
259506824
20160
703038213
624938753
20160
937037336
12
724450546
573163035
131300692
243290230
452209262
310030101
243290230
429596486
804091302
387031660
573530194
402455889
836381390
573163035
830455698
307726106
122764607
12
291618426
379457362
12
1814400
259506824
239500800
703038213
624938753
20160
937037336
12
724450546
573163035
131300692
243290230
452209262
310030101
243290230
429596486
804091302
387031660
573530194
402455889
836381390
573163035
830455698
307726106
122764607
12
23216095
379457362
12
243290230
429596486
733575423
387031660
573530194
402455889
836381390
573163035
830455698
307726106
122764607
12
23216095
379457362
12
243290230
429596486
733575423
387031660
573530194
402455889
905447738
573163035
830455698
307726106
122764607
12
23216095
379457362
12
243290230
429596486
733575423
387031660
573530194
402455889
279345619
573163035
830455698
307726106
122764607
12
23216095
379457362
12
243290230
429596486
733575423
387031660
573530194
353624726
279345619
573163035
830455698
307726106
122764607
12
23216095
379457362
12
243290230
429596486
733575423
387031660
573530194
353624726
279345619
1814400
830455698
307726106
122764607
12
23216095
379457362
12
243290230
429596486
733575423
387031660
573530194
353624726
890477394
573163035
830455698
307726106
122764607
12
23216095
379457362
12
243290230
429596486
733575423
387031660
573530194
353624726
890477394
573163035
554680740
307726106
122764607
12
23216095
379457362
12
243290230
429596486
733575423
387031660
573530194
353624726
890477394
573163035
554680740
307726106
122764607
12
389637995
379457362
12
899717444
429596486
733575423
387031660
573530194
353624726
890477394
573163035
554680740
307726106
122764607
12
389637995
379457362
12
736474183
429596486
733575423
387031660
573530194
353624726
890477394
573163035
554680740
307726106
122764607
12
389637995
379457362
12
736474183
429596486
733575423
387031660
573530194
353624726
19280696
573163035
554680740
307726106
122764607
12
389637995
379457362
12
736474183
429596486
733575423
387031660
573530194
353624726
19280696
573163035
554680740
791756175
122764607
12
389637995
379457362
12
736474183
429596486
733575423
387031660
560075209
353624726
19280696
573163035
554680740
791756175
122764607
12
389637995
379457362
12
736474183
429596486
841598577
387031660
560075209
353624726
19280696
573163035
554680740
791756175
122764607
12
389637995
379457362
12
554680740
429596486
841598577
387031660
560075209
353624726
19280696
573163035
554680740
791756175
122764607
12
389637995
379457362
12
554680740
429596486
385985038
387031660
560075209
353624726
19280696
573163035
554680740
791756175
122764607
12
389637995
379457362
12
554680740
429596486
385985038
387031660
560075209
353624726
19280696
573163035
554680740
791756175
122764607
12
871735465
379457362
12
554680740
429596486
385985038
387031660
560075209
353624726
19280696
573163035
554680740
59151966
122764607
12
871735465
379457362
12
5251549
429596486
385985038
387031660
560075209
353624726
19280696
573163035
554680740
59151966
122764607
12
871735465
379457362
12
5251549
429596486
385985038
387031660
560075209
353624726
19280696
573163035
554680740
59151966
122764607
12
871735465
787588685
12
5251549
429596486
385985038
387031660
560075209
353624726
19280696
573163035
573163035
59151966
122764607
12
871735465
787588685
12
5251549
429596486
385985038
387031660
560075209
353624726
19280696
573163035
573163035
59151966
122764607
12
871735465
787588685
1
5251549
429596486
385985038
387031660
560075209
281316140
19280696
573163035
573163035
59151966
122764607
12
871735465
787588685
1
5251549
429596486
385985038
387031660
560075209
281316140
940658889
573163035
573163035
59151966
122764607
12
871735465
787588685
1
5251549
429596486
804763448
387031660
560075209
281316140
940658889
573163035
573163035
59151966
122764607
12
871735465
787588685
1
5251549
429596486
804763448
387031660
560075209
281316140
940658889
573163035
573163035
59151966
220109570
12
871735465
787588685
1
5251549
416402923
804763448
387031660
560075209
281316140
940658889
573163035
573163035
59151966
220109570
12
871735465
787588685
1
537597627
416402923
804763448
387031660
560075209
281316140
940658889
573163035
573163035
59151966
220109570
12
871735465
787588685
1
537597627
416402923
804763448
387031660
560075209
859582407
940658889
573163035
573163035
59151966
220109570
12
871735465
787588685
1
537597627
416402923
804763448
674130309
560075209
859582407
940658889
573163035
573163035
59151966
220109570
12
871735465
787588685
1
537597627
416402923
804763448
674130309
560075209
859582407
940658889
573163035
573163035
59151966
220109570
12
871735465
131864306
1
559855581
416402923
804763448
674130309
560075209
859582407
940658889
573163035
573163035
59151966
220109570
12
871735465
131864306
1
559855581
493339575
804763448
674130309
560075209
859582407
940658889
573163035
573163035
59151966
220109570
12
871735465
131864306
1
559855581
493339575
804763448
674130309
43854741
859582407
940658889
573163035
573163035
59151966
220109570
12
871735465
131864306
1
979296788
20160
265272552
34141923
20160
1
405591801
643806863
236814910
315525538
970428805
243290230
593679722
792599852
360
386977425
971636156
819136920
536921451
703613161
682559158
701278536
911371831
830455698
1814400
715095915
638757676
20160
474160434
379457362
239500800
924058387
309126958
25034588
1
360
517878947
323758520
1
41675960
517878947
479930293
239500800
971636156
715097853
974503605
1
796779807
613317322
14480144
386977425
882862985
20160
593679722
904840727
1
299753863
710075077
1
360
876516086
899717444
228927089
695947115
239500800
655921475
1
171195395
414386056
781623358
870706360
133194630
920390755
1
242249437
1
255618610
152921347
449038492
417266680
360
208304992
183336760
809670618
93533682
394870773
559855581
589145299
14790749
130154591
391479503
876516086
12
12
830455698
890287984
265272552
34141923
20160
1
405591801
643806863
236814910
315525538
459832758
328814650
593679722
670083859
360
386977425
971636156
429596486
536921451
703613161
243290230
701278536
911371831
830455698
1814400
715095915
638757676
394870773
474160434
379457362
239500800
882862985
12
324852642
904840727
1
299753863
710075077
1
360
876516086
899717444
228927089
695947115
20160
440928506
1
171195395
414386056
781623358
870706360
133194630
700702610
1
12
360
890287984
971636156
429596486
536921451
703613161
573530194
701278536
911371831
830455698
1814400
715095915
638757676
394870773
474160434
284148424
239500800
360
876516086
360
228927089
695947115
239500800
655921475
1
171195395
414386056
781623358
870706360
133194630
700702610
265272552
34141923
12
1
405591801
643806863
27809269
315525538
459832758
328814650
593679722
792599852
360
386977425
971636156
429596486
536921451
703613161
573530194
701278536
223606536
830455698
1814400
305670834
638757676
394870773
474160434
379457362
239500800
882862985
12
593679722
685602584
1
77761031
346887392
1
360
876516086
360
228927089
958288209
20160
655921475
1
171195395
414386056
781623358
870706360
133194630
454110789
771452689
34141923
12
1
405591801
643806863
105270962
315525538
459832758
328814650
940658889
792599852
360
386977425
971636156
429596486
536921451
703613161
573530194
172608927
223606536
830455698
1814400
715095915
638757676
394870773
474160434
987257827
239500800
882862985
12
261547992
685602584
1
299753863
346887392
12
360
876516086
360
228927089
958288209
20160
655921475
12
171195395
414386056
781623358
870706360
40372739
700702610
771452689
159304024
12
1
405591801
643806863
105270962
315525538
459832758
328814650
593679722
792599852
239500800
386977425
971636156
429596486
536921451
703613161
573530194
172608927
223606536
830455698
1814400
428228199
638757676
394870773
474160434
379457362
1814400
882862985
20160
593679722
685602584
1
299753863
313534412
12
360
387031660
360
228927089
958288209
20160
539368755
1
171195395
414386056
781623358
870706360
40372739
700702610
771452689
34141923
12
1
405591801
643806863
2856353
315525538
459832758
328814650
593679722
852186114
239500800
386977425
971636156
429596486
536921451
384869784
573530194
172608927
223606536
830455698
1814400
715095915
601846670
394870773
474160434
379457362
1814400
882862985
12
593679722
115253365
12
299753863
313534412
12
686718651
34141923
12
1
405591801
643806863
105270962
315525538
459832758
328814650
593679722
852186114
239500800
386977425
971636156
882862985
536921451
384869784
573530194
172608927
223606536
830455698
1814400
715095915
638757676
394870773
474160434
379457362
12
882862985
12
593679722
685602584
360
209142962
313534412
12
948838627
34141923
12
1
405591801
481489820
105270962
315525538
459832758
328814650
801320322
852186114
239500800
386977425
971636156
429596486
536921451
384869784
573530194
172608927
869525001
830455698
1814400
715095915
638757676
1
474160434
379457362
12
360
387031660
360
228927089
958288209
20160
755331340
1
171195395
971636156
781623358
870706360
497562558
700702610
948838627
34141923
12
1
405591801
376605894
105270962
309126958
459832758
328814650
593679722
852186114
239500800
386977425
971636156
429596486
536921451
384869784
573530194
172608927
223606536
830455698
394870773
337968465
638757676
1
474160434
379457362
12
375122389
12
593679722
685602584
1
299753863
313427725
12
1814400
387031660
360
228927089
958288209
394870773
755331340
1
171195395
573163035
781623358
870706360
497562558
700702610
948838627
507441151
12
1
405591801
376605894
517278032
315525538
459832758
328814650
593679722
852186114
239500800
386977425
971636156
429596486
536921451
389366945
573530194
172608927
223606536
830455698
1814400
337968465
638757676
1
291618426
379457362
12
375122389
12
593679722
226026539
20160
299753863
313427725
12
1814400
387031660
360
228927089
958288209
20160
659256150
1
724450546
573163035
781623358
870706360
497562558
700702610
948838627
34141923
20160
1
405591801
376605894
517278032
315525538
459832758
328814650
899717444
852186114
239500800
386977425
313534412
429596486
536921451
50010779
573530194
172608927
223606536
830455698
1814400
337968465
638757676
1
291618426
379457362
12
1814400
387031660
360
228927089
958288209
20160
755331340
1
724450546
899717444
781623358
239500800
497562558
700702610
948838627
34141923
12
1
405591801
376605894
517278032
917546506
459832758
328814650
899717444
852186114
20160
386977425
971636156
429596486
31578351
50010779
573530194
625020021
223606536
830455698
1814400
337968465
638757676
1
291618426
379457362
12
1814400
387031660
360
228927089
958288209
20160
755331340
1
724450546
394870773
781623358
870706360
574287787
700702610
761312941
729521009
12
1
405591801
376605894
517278032
315525538
459832758
328814650
899717444
852186114
20160
386977425
971636156
429596486
536921451
50010779
573530194
625020021
223606536
830455698
1814400
221681921
638757676
1
908185063
379457362
12
1814400
387031660
360
228927089
958288209
20160
755331340
1
724450546
899717444
781623358
340644277
574287787
700702610
948838627
729521009
1
1
405591801
376605894
517278032
315525538
459832758
328814650
899717444
852186114
20160
386977425
736474183
429596486
536921451
50010779
573530194
625020021
223606536
830455698
1814400
221681921
638757676
1
291618426
379457362
12
1814400
387031660
360
703038213
958288209
589145299
755331340
1
724450546
899717444
781623358
759229837
574287787
700702610
243290230
429596486
536921451
50010779
573530194
625020021
587687477
830455698
1814400
221681921
638757676
1
774109590
379457362
12
1814400
387031660
360
703038213
958288209
20160
755331340
1
724450546
899717444
551978127
759229837
574287787
825840837
243290230
429596486
536921451
9759997
573530194
625020021
587687477
830455698
1814400
221681921
213242016
1
291618426
379457362
12
1814400
387031660
360
703038213
958288209
20160
755331340
12
346507485
899717444
781623358
759229837
574287787
825840837
243290230
429596486
536921451
50010779
573530194
625020021
587687477
971636156
1814400
221681921
252537407
1
291618426
379457362
12
1
387031660
360
703038213
958288209
20160
755331340
12
724450546
899717444
781623358
243290230
574287787
825840837
243290230
429596486
536921451
50010779
110982124
625020021
427832927
830455698
1814400
221681921
252537407
1
291618426
379457362
12
1814400
387031660
360
703038213
958288209
20160
755331340
12
724450546
899717444
108498708
243290230
697373626
825840837
243290230
429596486
536921451
50010779
675526973
625020021
427832927
830455698
1814400
307726106
252537407
1
291618426
379457362
12
1814400
259506824
360
703038213
958288209
20160
31051871
12
724450546
899717444
108498708
243290230
574287787
825840837
243290230
429596486
536921451
387031660
573163035
625020021
427832927
830455698
1814400
307726106
252537407
1
291618426
379457362
12
1814400
259506824
360
703038213
624938753
394870773
755331340
12
724450546
899717444
108498708
243290230
574287787
825840837
1814400
259506824
360
703038213
624938753
20160
937037336
12
875061536
899717444
108498708
243290230
574287787
825840837
243290230
429596486
536921451
387031660
573530194
625020021
427832927
830455698
830455698
307726106
252537407
12
291618426
648008720
12
360
259506824
360
703038213
624938753
20160
937037336
12
724450546
1814400
108498708
243290230
574287787
825840837
243290230
429596486
933086400
387031660
573530194
625020021
427832927
830455698
830455698
307726106
122764607
12
291618426
379457362
12
1814400
259506824
20160
703038213
624938753
20160
937037336
12
724450546
1814400
108498708
243290230
574287787
787347347
243290230
796779807
956791834
387031660
573530194
625020021
427832927
830455698
830455698
307726106
122764607
12
291618426
379457362
12
20160
259506824
20160
703038213
624938753
20160
937037336
12
724450546
1814400
108498708
243290230
452209262
825840837
243290230
429596486
956791834
387031660
280760648
625020021
427832927
573163035
830455698
307726106
122764607
12
291618426
379457362
12
243290230
987257827
956791834
387031660
573530194
625020021
896748341
573163035
830455698
307726106
122764607
12
291618426
379457362
12
1814400
259506824
20160
703038213
624938753
20160
937037336
12
724450546
1814400
929540994
243290230
452209262
916878993
243290230
429596486
956791834
387031660
209733847
625020021
836381390
573163035
830455698
307726106
122764607
12
291618426
379457362
12
1814400
259506824
20160
194427710
624938753
20160
937037336
12
724450546
1814400
131300692
243290230
452209262
310030101
243290230
429596486
956791834
387031660
573530194
402455889
836381390
517878947
830455698
307726106
122764607
12
291618426
379457362
12
1814400
259506824
20160
703038213
624938753
20160
701947182
12
724450546
573163035
131300692
243290230
452209262
310030101
