89 132
133 13335 51
52 6857 84
85 11257 84
85 11238 38
39 57111 165
166 22053 78
79 10489 132
133 17649 72
73 9635 51
52 6819 27
28 36141 210
211 280111 165
166 22093 138
139 18458 67
68 711 1
2 293 138
139 18437 54
55 7289 132
133 17639 57
58 7621 30
31 40124 185
186 247121 161
162 22248 71
72 9539 57
58 7638 38
39 5757 84
85 11221 30
31 4093 138
139 184143 213
214 28483 123
124 16439 57
58 7693 138
139 18457 84
85 11228 37
38 471 1
2 239 58
59 5993 138
139 1848 12
13 17163 243
244 32473 108
109 1442 50
51 9969 102
103 136
5 6
7 7
1 1
2 3
5 5
6 6
1 1
2 2
4 4
5 6
6 6
7 7
2 2
3 3
3 3
4 4
2 3
4 4
17 21
22 22
5 5
6 7
2 2
3 4
3 4
5 5
3 4
5 7
2 3
4 5
4 5
6 6
