10
1
10
1
1
1
2
2
1
9
7
6
1
1
2
3
1
2
1
1
2
2
2
1
1
1
1
2
1
2
2
2
1
8
5
1
1
2
1
1
4
3
10
1
1
1
2
2
1
10
1
1
2
2
1
10
1
1
2
2
1
1
1
2
2
1
1
1
2
2
1
7
7
7
7
7
7
7
7
7
7
7
6
6
6
6
6
6
6
6
6
6
6
6
6
6
6
6
6
6
6
6
6
6
6
9
9
1
1
2
2
1
10
1
1
1
2
2
1
10
1
1
2
2
1
10
1
1
2
2
1
9
1
1
2
2
1
7
1
1
2
2
1
7
7
7
7
7
7
7
7
7
7
6
6
6
6
6
6
6
6
6
6
6
6
6
6
6
6
6
6
6
6
6
6
6
9
1
1
2
2
1
9
1
1
2
2
1
9
1
10
1
1
2
2
1
10
9
1
1
2
2
1
7
1
1
2
2
1
7
7
6
7
7
7
7
2
7
7
7
6
6
6
6
6
6
6
6
7
6
6
6
6
6
6
6
6
6
6
6
7
6
6
9
1
1
2
2
1
7
9
1
1
1
2
2
1
10
9
9
1
1
2
2
1
7
7
6
7
7
7
7
2
7
6
7
6
6
6
6
6
6
6
6
7
6
6
6
6
6
6
2
6
7
7
6
6
9
7
1
1
1
1
2
9
1
1
2
2
1
