999999993687363872
6
10
8
51
20006
7
36
4
49
600643382
13
22006
32
46
1
37
33
39
30
580114603
20000006
9
12
60
38
34
5
44
200008
202008
66
73
101004
101011
1011
1001
999999993
35
40
0
21986
41
18
3
48
2
200202008
1010
1004
10001001
52
42
1111
1001011
85
58
1101
101001
101111
11001011
100001
100000001
1101001
1100001
10100001
10101001
654696154
14
55
20008
17
27
208
68
80
1101004
1101011
202022
200010
43
21988
54
11
22
19
101010
70
1001010
1003
10011001
62
1011011
110001001
111001011
101000001
111001
99999994
100001001
1001001
1100000
10100000
10110001
782376586
59
220008
202208
11101011
2200010
21990
16
100011
994
101100001
100111001
1110001
1099993
47
7
10
4
1
1
7
8
1
4
4
5
8
51
202008
101011
101011
1011
1011
1011
1011
1011
1001
1001
10
13
10
46
20006
4
5
1
10
12
39
8
200008
101004
101011
101011
1011
1011
1001
1001
999999993
13
48
13
101004
101011
101011
1010
1004
1001
10001001
1001
999999993
44
101011
101011
1111
1010
1004
1001011
1
10001001
101011
101011
1004
1001011
1
10001001
10001001
101001
11001011
1
1001
101001
11001011
1
1011
101001
1
1011
