2
2
2
2
2
2
2
2
2
2
2
2
2
2
-1
2
2
2
-1
1
11
-187
190
9012345679
-87611785637
1
0
2
2
2
2
-1
-1
2
2
2
-1
1
11
216
190
9012345679
-87611785637
1
0
2
2
2
2
-1
-1
2
2
-1
-1
1
11
202
190
9012345679
-87611785637
1
0
2
2
2
2
2
-1
2
2
-1
-1
1
11
202
190
9013345679
-87611785637
1
0
1
2
2
2
2
-1
2
2
-1
1
2
2
1
2
-1
2
2
-1
1
2
2
2
0
-1
2
2
-1
1
2
2
2
0
0
2
2
-1
1
2
2
2
0
0
-1
2
-1
1
2
2
-1
0
0
-1
2
-1
1
2
2
-1
-3
0
-1
2
-1
1
2
2
-1
-3
0
-1
0
-1
1
2
2
-1
4
0
-1
0
-1
1
2
2
-1
4
0
0
0
-1
1
2
2
-1
1
0
0
0
-1
2
2
2
-1
1
0
0
0
-1
2
2
2
-1
1
0
1
0
-1
2
2
2
-1
1
0
1
0
0
2
2
2
0
1
0
1
0
0
2
2
0
0
1
0
1
0
0
2
2
1
0
1
0
1
0
0
2
2
0
0
1
0
1
1
0
2
2
0
0
1
-1
1
1
0
2
2
0
0
1
-2
1
1
0
0
2
0
0
1
-2
1
1
0
2
-1
2
2
2
2
2
2
2
-1
1
11
110
190
9012345679
-87395638159
1
0
2
2
2
-1
-1
-1
2
2
2
-1
1
11
-187
202
9012345679
-87611785637
1
0
2
2
2
2
-1
-1
2
2
1
-1
0
11
216
190
9012345679
-87611785637
1
0
1
2
2
2
-1
-1
2
2
-1
-1
1
11
202
190
8756588271
-87611785637
1
0
2
1
2
2
2
-1
2
2
-1
-1
1
11
206
190
9013345679
-87611785637
1
0
1
2
1
2
2
-1
2
2
-1
1
2
2
1
2
-1
2
2
1
4
2
2
2
0
-1
2
2
-1
1
2
0
2
0
0
2
2
-1
1
2
2
2
0
0
0
2
-1
1
2
2
-1
0
0
-1
2
2
1
-1
2
-1
-3
0
-1
2
-1
1
2
1
-1
-3
0
-1
0
-1
1
2
2
-1
-3
0
2
0
-1
1
0
2
-1
4
0
-1
0
-1
1
2
1
-1
1
0
0
0
-1
2
2
2
0
1
0
0
0
-1
2
2
2
-1
1
-1
1
0
-1
2
-1
2
-1
1
0
1
0
0
2
2
2
0
1
0
1
0
-3
2
1
0
0
1
0
1
0
0
2
-1
1
0
1
0
1
0
0
2
2
0
0
0
0
1
0
0
2
2
0
0
1
0
2
1
0
2
2
-1
0
1
-1
1
1
0
2
2
-1
0
1
-2
1
1
0
0
2
0
0
0
-2
1
1
0
2
-1
2
2
2
2
0
2
2
-1
1
11
110
190
9012345679
-87395638159
1
-1
2
1
2
-1
-1
-1
2
2
2
-1
1
11
-187
202
10000000000
-87611785637
1
0
2
2
2
2
-1
-1
2
0
-1
-1
-1
11
216
190
9012345679
-87611785637
1
0
1
2
2
2
-1
1
2
2
-1
-1
1
8
202
190
8756588271
-87611785637
1
0
2
3
2
2
2
-1
2
2
-1
-1
1
11
206
190
9013345679
-87611785637
0
0
1
2
1
-1
2
-1
2
2
-1
1
2
2
1
2
-1
2
1
1
4
2
0
2
0
-1
2
2
-1
1
2
0
2
0
0
2
1
-1
1
2
2
-1
0
0
0
2
-1
1
-1
2
-1
0
0
-1
2
2
1
-1
2
-1
-3
0
-1
2
0
2
2
1
-1
-3
0
-1
0
-1
1
2
1
-1
-3
0
2
0
-1
4
0
2
-1
4
0
-1
0
-1
1
2
1
-1
1
0
-1
0
-1
2
2
2
0
1
1
0
0
-1
2
-1
2
-1
1
-1
1
0
-1
2
-1
2
-1
1
-1
1
0
0
2
2
2
0
0
0
1
0
-3
2
1
0
0
1
0
1
-3
0
2
0
1
0
1
0
1
0
0
3
2
0
0
0
0
1
0
0
2
2
-1
0
1
-1
2
1
0
2
2
-1
0
1
-2
0
1
0
0
0
0
0
0
-2
1
1
0
2
-1
2
2
2
2
1
2
2
-1
1
11
110
190
9204452867
-87395638159
1
-1
2
1
2
-1
-1
-1
2
-1
2
-1
1
22
-187
202
10000000000
-87611785637
1
0
2
2
2
2
0
-1
2
0
-1
0
-1
11
216
190
9012345679
-87611785637
1
0
1
0
2
2
-1
1
2
2
-1
-1
1
8
202
190
8756588271
86745653320
1
0
2
3
2
2
2
0
2
2
-1
-1
1
11
206
190
9013345679
-87878058681
0
0
4
2
1
-1
2
-1
2
2
-1
1
2
2
1
-1
-1
2
1
1
3
2
0
2
0
-1
2
2
-1
1
2
0
2
0
0
2
1
0
1
2
2
-1
0
0
-3
2
-1
1
0
2
-1
0
0
-1
2
2
1
-1
2
-1
-3
0
0
2
0
-1
2
1
-1
-3
0
-1
0
-1
1
1
1
-1
-3
0
2
0
-1
4
0
2
-1
4
0
-1
0
2
1
2
1
-1
1
0
-2
0
-1
2
-1
2
-1
1
-1
1
1
0
2
2
2
0
0
0
1
-3
-3
2
1
1
0
1
0
1
-3
0
2
0
1
0
1
0
1
1
0
3
2
0
0
0
0
1
0
-2
2
2
-1
0
1
-2
-1
1
0
0
1
0
0
0
-2
1
1
0
2
-1
1
2
2
2
1
2
2
-1
1
11
-85
190
9204452867
-87395638159
1
-1
2
1
2
-1
-1
-1
1
-1
2
-1
1
22
-187
112
10000000000
-87611785637
1
0
2
2
2
2
0
-1
2
2
-1
0
-1
11
216
190
9012345679
-87249992075
1
0
1
0
2
2
-1
1
1
2
-1
2
1
8
202
190
8756588271
86745653320
1
0
2
3
2
2
2
0
-1
2
-1
-1
1
11
206
190
9013345679
126114586296
0
0
6
2
1
-1
2
-1
2
2
-1
1
-1
2
1
-1
-1
2
1
1
5
2
0
2
0
-1
2
2
-1
3
2
0
2
0
0
2
1
0
1
0
2
-1
0
0
-1
1
2
-1
-1
2
-1
-3
0
0
2
0
-1
2
1
2
-3
0
-1
0
-1
1
1
1
-1
-3
0
2
1
-1
4
0
2
-1
4
0
-1
0
1
1
2
1
-1
1
0
-2
1
-1
2
2
2
0
1
2
0
0
-1
2
-1
2
-1
1
2
1
1
0
2
2
2
0
-3
0
1
-3
-3
2
1
1
0
0
0
1
-3
0
2
0
1
0
-2
0
1
1
0
3
2
0
1
0
0
1
0
-2
2
2
-1
0
-1
-2
-1
1
0
2
-1
1
2
1
2
1
2
2
-1
1
11
-79
190
9204452867
-87395638159
1
-1
2
2
2
-1
-1
-1
1
-1
2
-1
1
22
-187
112
10001000000
-87611785637
1
0
0
-1
11
210
190
9012345679
-87249992075
1
0
1
0
1
2
-1
1
1
2
-1
2
1
16
202
190
8756588271
86745653320
1
0
2
3
1
2
2
0
-1
2
-1
-1
1
11
206
190
9013345679
126114586296
-1
0
1
-1
2
1
0
-1
2
1
1
5
2
0
-1
0
-1
2
2
-1
3
2
0
2
0
0
2
1
-1
1
2
2
-1
0
0
1
2
-1
1
0
2
-1
1
0
-1
1
2
-1
-1
2
-1
-3
0
0
0
0
-1
2
1
1
-3
0
-1
0
-1
1
1
3
-1
-3
0
2
1
-1
4
0
1
-1
4
0
-1
0
1
1
2
1
-1
1
-1
-2
1
-1
2
2
2
0
1
2
0
3
-1
2
-1
2
-1
1
2
2
1
0
2
1
2
0
-3
0
1
-3
-3
2
1
1
0
0
0
2
-3
0
2
2
-1
-1
-1
-2
-1
1
0
2
-1
1
2
1
2
1
1
2
-1
0
11
-79
190
9204452867
-87395638159
1
-1
2
2
2
-1
-1
-1
2
-1
2
1
1
22
-187
112
10001000000
-87611785637
1
0
0
2
2
2
0
-1
2
2
-1
-1
-1
11
210
190
9012345679
-87249992075
1
0
1
0
1
2
-1
1
1
2
0
2
1
16
238
190
8756588271
86745653320
1
0
2
3
1
2
0
0
-1
2
-1
-1
1
11
206
190
9013345679
-166485632253
-1
0
4
2
1
0
2
-1
2
2
-1
1
-1
2
1
0
-1
2
2
1
5
1
0
-1
0
-1
2
2
-1
3
-1
0
2
0
0
2
1
-1
1
2
2
-1
0
-1
1
2
-1
1
0
2
-1
1
0
-1
1
1
-1
-1
2
-1
-3
-1
0
0
0
1
1
3
-1
1
0
2
1
-1
4
0
1
-1
4
0
-1
2
1
4
2
1
-1
1
-1
-2
1
-1
2
1
2
0
1
2
0
3
-1
2
0
2
-1
1
2
2
1
0
2
0
2
0
-3
0
1
-3
-3
1
1
1
0
0
0
2
-3
0
2
2
0
-1
-1
-2
-1
1
0
1
-1
1
2
1
2
1
1
2
-1
0
11
-79
161
9204452867
-87395638159
1
-1
2
2
2
-1
0
-1
2
-1
2
1
1
22
-187
21
10001000000
-87611785637
1
0
