826
8
76
336
573
71
12
162
254
307
88
415
137
452
380
344
571
6
643
1
321
999
998
11
0
208
155
174
6
208
39
2
47
75
0
288
87
168
376
68
480
11
2
218
24
80
505
49
327
55
159
255
103
227
48
0
154
247
66
70
348
85
111
474
152
172
95
260
79
12
508
124
358
122
273
5
450
112
7
765
211
698
213
306
37
319
42
502
1000
877
116
620
157
241
349
57
9
316
13
52
421
29
352
34
96
26
35
20
163
102
3
252
612
164
137
391
15
179
355
145
455
330
44
258
155
262
39
46
359
584
36
17
201
56
170
329
220
45
25
719
8
441
4
435
142
6
354
595
65
101
22
10
232
32
181
33
19
224
281
113
21
47
74
73
30
1
144
715
549
54
585
82
41
84
196
202
681
69
89
131
86
141
61
268
400
190
118
254
129
59
269
77
18
357
223
347
532
23
134
222
200
392
14
473
51
38
322
31
126
324
301
197
75
597
153
217
40
161
414
58
234
539
110
139
191
27
489
108
188
71
55
11
0
2
2
