164
18
164
18
13
0
68
0
74
166
167
12
0
68
0
74
37
35
157
13
0
70
0
74
12
0
68
18
74
17
12
0
68
6
74
25
159
13
0
70
0
52
13
0
68
0
48
14
0
68
6
74
19
24
14
0
70
0
52
13
0
52
0
48
11
0
68
18
74
181
27
14
0
70
0
56
13
0
50
0
48
14
0
68
6
52
24
0
68
0
74
34
171
48
13
0
50
0
35
38
173
50
14
0
70
6
56
153
10
0
50
0
35
163
39
24
0
68
6
74
13
0
66
0
74
10
0
49
0
35
165
147
14
0
54
6
52
13
0
80
0
74
11
0
68
36
74
12
0
69
18
74
33
13
0
68
36
74
14
0
54
6
65
12
0
65
18
74
23
12
0
65
24
74
16
0
65
24
74
15
0
80
0
74
11
15
0
80
6
74
16
0
65
24
48
15
0
80
15
74
16
0
65
27
48
15
0
80
15
52
15
0
82
15
52
15
0
82
15
26
15
0
80
15
26
15
0
80
15
24
21
0
68
0
74
169
12
0
68
3
74
170
168
12
0
68
18
61
26
14
0
68
0
74
200
29
14
0
70
6
74
12
0
68
18
46
13
0
68
18
74
161
19
0
68
18
74
12
0
68
6
52
36
18
0
68
0
74
12
195
40
11
0
68
18
52
12
0
106
18
74
211
41
13
0
66
18
74
11
0
68
6
74
13
0
49
0
35
14
0
68
24
52
12
0
67
18
74
148
11
0
68
18
61
12
0
63
18
74
13
0
78
0
74
42
10
0
65
18
74
20
0
65
24
74
17
0
65
24
74
16
0
53
24
74
15
0
79
6
74
30
28
14
0
82
15
26
46
144
12
0
68
9
74
146
145
12
0
68
24
61
14
0
68
0
78
198
15
0
68
0
48
18
13
0
68
0
74
18
167
18
12
0
68
0
74
167
12
0
68
0
74
12
0
68
0
74
35
35
164
18
13
0
68
0
74
18
166
18
13
0
68
0
74
167
18
167
167
37
12
0
68
0
74
12
0
68
0
74
35
35
18
13
0
68
0
74
18
166
18
167
18
12
0
68
18
74
167
167
37
12
0
68
0
74
25
12
0
68
18
74
35
35
13
0
68
0
74
159
166
18
167
18
14
0
68
6
74
167
37
12
0
68
0
74
12
0
68
18
74
35
19
13
0
68
0
74
159
24
164
18
167
18
11
0
68
18
74
181
37
12
0
68
18
74
19
13
0
68
0
74
24
14
0
70
0
56
164
167
11
0
68
18
74
14
0
68
6
52
37
24
0
68
0
74
12
0
68
18
74
34
19
