1
795728458
17
6
24
6
8
10
13
8
8
2
8
22
4
13
18
8
6
20
24
17
2
9
7
6
6
2
9
7
6
3
2
9
7
18
3
2
9
7
18
6
2
8
2
17
6
2
589377207
17
6
24
6
8
10
13
8
8
2
8
22
4
13
18
8
22
20
24
17
2
6
7
6
6
2
7
7
18
3
17
6
24
6
8
10
13
8
10
2
8
22
4
13
18
8
22
20
24
17
2
15
7
6
6
2
9
4
6
6
2
8
7
6
2
17
6
24
6
8
16
13
14
10
2
14
22
4
13
18
14
22
20
24
17
2
23
7
6
6
2
13
4
6
10
2
13
2
6
10
2
11
7
6
2
10
6
24
6
8
10
13
8
8
2
8
22
4
13
18
8
6
20
24
17
2
11
7
6
6
15
9
7
6
6
2
8
7
6
3
529834641
17
6
24
2
4
7
6
6
17
6
24
6
8
10
13
8
10
2
22
22
4
13
18
8
22
20
24
17
2
15
7
5
6
2
4
4
6
6
8
6
24
6
8
16
13
14
10
2
14
22
4
13
18
14
22
20
24
17
2
13
4
4
17
7
6
4
8
6
24
6
8
16
13
14
10
2
14
22
4
13
20
14
22
20
24
17
4
35
7
6
4
17
24
24
17
20
20
17
21
21
744533565
17
6
26
6
10
10
13
8
10
2
8
28
4
13
18
8
8
20
24
17
2
9
7
9
6
15
9
7
6
3
17
6
24
6
8
10
13
8
6
2
8
22
4
13
18
8
22
20
24
17
2
12
7
6
6
2
7
7
6
3
2
11
7
21
3
2
9
4
12
6
17
6
24
6
8
16
13
14
10
2
14
8
4
13
18
14
22
20
24
17
15
13
4
6
10
2
14
2
6
10
11
6
24
6
9
11
13
8
8
4
8
24
7
13
18
8
6
20
24
17
15
9
7
10
6
43889472
2
11
7
6
11
17
6
24
6
8
10
13
8
10
2
22
22
4
13
20
8
22
20
24
17
2
15
6
5
6
8
6
24
6
8
16
13
14
10
2
14
22
4
13
18
14
20
20
24
17
4
25
7
6
8
2
19
7
5
6
2
4
4
11
6
2
13
15
2
15
3
6
6
2
15
2
6
6
17
35
35
17
22
20
17
6
22
6
10
10
13
8
4
2
8
24
4
13
18
8
8
20
20
17
15
11
7
6
3
17
6
24
6
8
10
13
8
6
2
8
22
4
13
18
24
22
20
24
17
2
7
7
6
6
3
9
6
12
6
17
8
24
6
8
16
13
14
10
2
14
8
4
13
18
14
22
20
24
17
15
13
4
18
10
15
18
7
10
6
2
15
1
5
1
13
6
24
6
8
16
13
14
10
2
14
22
4
13
18
14
20
20
24
17
2
17
7
6
4
2
32
7
5
6
15
4
4
11
6
1
13
15
17
17
6
20
2
6
2
6
6
19
6
24
17
6
18
17
24
26
17
6
22
6
10
10
13
8
4
2
10
24
4
13
18
8
8
20
20
17
2
3
7
6
6
2
7
7
6
9
15
13
2
18
10
15
18
10
10
6
13
6
24
6
8
16
13
2
17
1
3
15
4
22
12
17
9
20
17
4
22
17
35
37
17
6
22
6
10
10
13
6
4
2
10
24
4
13
18
8
8
20
20
17
2
3
15
16
10
10
6
13
6
24
6
8
14
13
2
12
31
10
6
24
2
15
29
13
2
32
10
17
18
20
17
22
22
17
22
17
6
22
6
22
12
6
6
18
12
19
8
26
17
13
13
17
6
22
6
17
18
24
17
6
26
17
18
18
17
20
22
10
8
26
17
37
37
17
9
11
24
22
17
37
39
28
8
26
10
37
39
24
23
25
23
25
8
23
17
6
24
8
8
10
13
8
8
2
8
22
4
13
18
8
6
20
24
17
2
21
7
6
9
2
8
7
6
6
4
9
7
6
6
2
6
7
15
6
2
6
2
17
6
17
6
24
6
8
10
8
8
8
2
8
22
4
8
18
8
22
20
24
17
2
10
7
6
10
2
9
13
6
6
2
9
7
6
7
17
6
24
6
8
10
13
8
10
2
10
22
4
13
18
8
22
20
24
17
2
15
7
6
3
2
3
4
6
6
2
8
7
8
2
17
6
18
6
8
16
13
14
10
2
14
22
4
13
18
14
22
20
24
17
10
6
33
6
8
10
13
8
8
2
8
22
4
13
27
8
6
20
33
17
15
7
7
6
4
1
8
7
6
3
2
4
7
6
3
17
6
24
6
8
10
13
8
10
2
22
22
4
13
18
24
22
20
24
17
4
7
7
6
6
2
15
1
5
6
4
24
7
6
4
2
15
7
6
7
13
6
24
17
6
26
6
10
10
13
8
10
2
8
28
4
13
18
8
8
20
26
17
2
19
7
6
3
2
11
7
23
4
15
4
4
6
2
11
6
24
6
9
11
13
8
8
4
8
24
7
13
20
8
6
20
24
17
15
7
7
10
4
2
11
7
5
11
2
3
6
5
6
2
9
7
6
6
2
9
7
6
6
2
9
7
6
3
2
8
7
6
2
2
6
7
6
6
2
9
7
6
3
17
6
24
2
15
7
5
6
2
4
4
6
6
2
13
4
17
6
24
2
15
7
6
6
2
13
4
17
6
24
2
15
7
6
6
2
13
4
17
6
24
17
6
24
17
6
24
17
6
24
17
6
24
17
6
24
17
6
24
17
24
24
17
24
24
17
24
24
17
24
24
17
20
20
17
20
20
17
20
20
2
11
7
6
6
17
6
24
2
13
4
17
6
24
17
6
24
2
13
4
17
6
24
17
6
24
17
6
24
