1
1
858035449
1
282526831
769930326
87853400
740896918
358241722
57271
831278744
238027960
80789628
954854818
228826127
3
607221828
795133324
230513010
130635321
754113374
801321113
115010178
653972807
581991269
527942203
0
987941489
444937491
599085128
407197536
216879945
299788369
3279430
86399801
692961166
140378491
442854029
219852252
519215848
244773550
927710857
141422324
875591974
544564286
975444198
492262391
161400107
89340777
21122
552988067
183388872
382154915
740194725
271443
495599114
11338305
539278532
269189044
412330994
366002052
845561419
514881157
856608057
56633628
473381156
239156050
637590427
527047197
422266826
787298618
107243096
231993693
238566434
81451629
576926226
239982411
986215154
159814758
31891
11
523680470
1
877347632
854610988
803652889
180778845
765491768
672252278
87677
609740300
440113750
701725365
150111664
76
851172981
367105220
20197327
23591007
420809684
70554584
155898336
919843930
264580287
303732077
631002450
609050932
868110225
443592796
134938394
692326011
182891474
487385876
8323975
354854919
822447637
795726871
601271
6
719412961
522271743
876358740
576076212
520439298
37328200
855682946
446592076
928537899
639896562
446320291
885610282
123
924481941
698665393
852589959
596611066
695537200
497277340
882011977
347485932
3641437
294630524
315393573
565892269
471526995
896711873
890926226
576996538
960568239
618480077
66927
2
770503629
9349
547660866
473601517
477783550
726790145
346084423
745224527
530757740
427671099
545328228
506711004
730697999
5778
930060705
461429998
680984923
718010788
553465898
181394016
413844774
686981871
512496893
865787114
620412700
21766101
911622388
373995545
641799500
478375714
105
747779528
199
148511419
144976475
596045031
428046740
334048060
829098156
956262759
273995260
392382632
911665947
550000000
3281
796064761
979960620
577485747
686439062
116807849
475461644
219968876
567558087
465268928
887845505
958809
642198736
114353203
385603852
325099359
608384545
763
241135537
47
230534575
18089183
941176189
851145058
327005279
486496177
39603
720628648
491494460
188782739
54855645
1508401
205422274
950959967
564316024
943173751
317049330
356737356
162018472
62813154
154451699
583343517
437154487
352502064
291488341
96377009
