
5
9
0
117
4
9
0
117
4
9
0
79
3
9
0
117
3
3
0
117
5
9
0
110
5
9
0
75
11
9
0
117
4
9
0
123
3
9
0
110
3
3
0
141
6
9
0
117
2
9
0
75
8
9
0
75
5
9
0
201
14
9
0
117
4
9
0
118
3
9
0
44
3
3
0
163
6
9
0
135
2
9
0
103
8
6
0
75
14
9
0
267
3
0
0
0
12
9
0
135
0
0
6
0
6
9
0
267
12
9
0
117
3
1
0
0
5
9
0
267
5
16
0
117
4
9
0
283
3
14
0
117
6
3
0
117
5
6
0
117
5
9
0
44
5
1
0
0
5
9
0
103
11
16
0
117
4
9
0
135
2
9
0
79
6
2
0
110
3
3
0
288
2
0
0
0
65
0
0
135
4
9
0
267
14
0
0
0
6
16
0
117
5
6
0
2
6
9
0
75
4
9
0
99
6
9
0
125
0
14
0
0
2
0
0
10
8
6
0
81
0
0
3
0
0
0
0
0
8
9
0
267
7
16
0
117
6
9
0
79
5
23
0
117
4
3
0
99
6
2
0
103
3
9
0
288
6
9
0
140
4
6
0
118
0
0
0
3
3
0
0
3
7
6
0
117
6
3
0
177
8
1
0
0
6
3
0
99
6
9
0
288
6
9
0
161
0
1
0
0
6
9
0
91
2
9
0
59
6
9
0
281
2
0
0
3
6
4
0
267
7
6
0
177
6
6
0
281
0
0
0
10
2
12
0
59
4
12
0
118
4
12
0
141
4
3
0
0
4
15
0
141
8
3
0
0
4
15
0
144
0
0
0
30
4
15
0
0
5
9
0
165
0
50
0
117
5
9
0
89
2
9
0
110
5
12
0
75
5
9
0
123
11
9
0
99
2
6
0
75
8
9
0
540
9
2
0
201
19
9
0
117
0
9
0
118
2
9
0
109
8
0
0
0
0
0
14
0
6
9
0
295
12
9
0
180
12
9
0
110
6
9
0
263
5
16
0
590
19
0
0
283
6
9
0
251
5
16
0
137
6
3
0
105
5
4
0
75
5
16
0
103
11
16
0
110
6
2
0
239
4
9
0
155
6
16
0
318
6
3
0
137
56
0
0
4
8
9
0
99
27
0
0
110
6
9
0
13
8
6
0
95
3
2
0
0
6
3
0
135
4
3
0
92
6
2
0
96
6
9
0
133
8
9
0
203
7
6
0
105
5
14
0
2
4
1
0
0
2
9
0
87
6
9
0
354
6
9
0
154
4
6
0
110
12
9
0
267
7
0
0
117
0
1
0
48
6
9
0
100
6
3
0
0
7
14
0
177
6
3
0
139
2
9
0
153
6
0
0
99
4
6
0
0
8
3
0
3
0
0
0
19
8
6
0
0
4
15
0
627
18
3
0
0
2
13
0
0
6
9
0
165
5
9
0
82
4
9
0
110
6
9
0
123
4
9
0
889
3
9
0
137
9
2
0
1037
19
9
0
110
0
9
0
373
2
9
0
121
12
12
0
135
6
9
0
8
6
0
0
0
6
9
0
279
5
6
0
78
5
16
0
46
5
9
0
117
5
9
0
117
5
9
0
117
5
9
0
75
5
9
0
75
4
9
0
79
3
0
0
0
12
9
0
135
6
9
0
267
3
0
0
0
6
9
0
267
3
1
0
0
5
9
0
117
6
9
0
117
5
16
0
117
5
9
0
75
6
9
0
117
5
9
0
201
6
9
0
117
4
9
0
118
3
3
0
163
2
0
0
0
8
6
0
75
3
0
0
0
0
0
6
0
3
0
0
0
3
0
0
0
