0
399
373
355
332
306
290
261
238
233
222
207
186
180
162
140
151
144
137
144
137
111
109
91
82
77
87
78
76
83
81
25
23
12
23
12
8
13
23
19
15
0
1
399
373
355
332
306
290
261
219
214
203
180
165
159
137
132
121
114
107
114
111
91
89
77
86
81
91
82
80
86
84
49
35
25
39
19
14
12
9
11
10
5
10
5
3
6
2
6
3
399
373
355
332
306
290
261
219
214
203
180
165
159
137
132
121
114
107
102
99
79
77
65
74
71
77
68
66
72
70
49
35
31
45
25
17
15
12
14
16
43
31
27
39
25
17
14
12
15
17
25
23
12
23
19
9
6
10
12
8
49
35
24
29
49
39
31
23
16
14
1332594366
1331893874
399
373
355
332
306
290
261
219
214
203
180
165
159
137
132
121
114
107
114
111
91
89
77
74
69
79
70
68
74
72
49
41
31
21
13
8
9
6
5
4
399
373
355
332
306
290
261
219
214
203
180
165
159
137
132
121
114
107
102
98
78
76
64
77
74
80
71
69
75
73
25
23
12
14
12
8
13
23
31
27
1333160628
1332460136
399
373
355
332
306
290
261
219
214
206
183
168
162
140
135
124
111
104
117
114
94
92
80
77
85
101
92
90
96
94
399
373
355
332
306
290
261
219
214
203
180
165
159
137
132
121
114
107
102
98
90
76
64
77
74
80
69
67
71
69
25
23
31
23
19
9
6
10
12
8
25
23
31
23
25
23
31
35
25
20
26
22
112
96
83
88
112
78
70
56
62
56
1332632508
1331406830
5
10
5
2
5
3
6
3
399
373
355
332
306
290
261
219
214
203
180
165
159
137
132
121
114
107
102
99
79
77
65
74
71
74
65
63
69
67
25
23
12
23
19
9
4
9
13
11
399
373
355
328
305
289
260
218
213
202
180
165
159
127
122
115
108
101
108
105
91
90
78
75
70
80
71
69
75
72
49
1333014458
1332313966
399
373
355
332
306
290
261
219
214
196
173
158
152
142
137
126
116
109
103
99
91
77
65
78
73
79
68
66
70
69
112
96
92
104
86
52
54
49
47
41
399
373
355
328
305
289
260
218
213
202
185
170
164
129
126
115
108
101
108
105
98
97
85
82
77
87
74
72
66
63
22
1333014458
1333011116
399
373
355
332
306
290
261
219
222
204
181
166
160
150
145
134
124
113
107
103
95
81
69
82
77
83
72
70
74
73
79
77
85
89
399
373
355
328
305
290
261
219
212
201
184
169
158
135
132
121
114
105
112
109
102
101
89
83
78
88
75
73
67
70
405
379
361
338
312
296
267
225
228
208
185
170
164
154
149
138
124
113
123
119
111
97
85
98
88
80
69
67
71
70
399
381
399
372
349
331
287
245
237
226
209
194
183
154
151
138
130
121
129
126
119
118
106
100
95
105
92
90
76
79
79
77
85
77
399
381
399
372
349
331
287
245
237
226
209
199
184
155
152
139
131
122
130
123
116
115
109
101
96
106
93
95
81
84
79
77
63
61
1
3
49
41
27
23
31
21
25
18
15
13
1332333240
1331632748
399
373
355
332
306
290
261
219
214
203
180
165
159
137
132
119
116
109
112
109
83
81
69
78
73
83
74
72
77
75
49
35
25
39
19
17
15
12
14
16
399
373
355
332
306
290
264
216
213
202
179
163
157
135
130
119
112
108
103
100
80
78
64
73
70
76
67
65
71
69
56
47
35
47
38
28
25
29
35
31
49
35
24
29
49
39
43
33
26
24
1332594366
1332358004
399
373
355
320
293
277
248
206
201
190
165
150
144
176
171
144
122
115
137
134
114
112
100
97
92
102
93
91
97
87
49
41
31
39
19
14
12
9
11
10
399
373
355
332
306
290
261
234
229
218
195
188
186
164
144
133
126
119
114
111
91
89
71
62
59
65
56
54
60
58
25
20
11
14
18
14
25
35
25
21
1333160628
1332948862
399
373
355
332
306
290
261
219
214
206
183
168
161
139
134
123
110
103
116
123
103
101
89
83
91
107
98
96
102
100
399
373
355
332
348
332
303
261
256
240
211
196
190
168
163
152
143
136
128
124
116
98
86
99
96
90
68
64
68
66
25
20
25
23
5
10
5
2
5
10
5
2
399
373
355
328
305
289
260
218
213
202
180
165
159
127
122
115
108
101
108
105
91
90
78
75
70
80
71
69
78
75
1333014458
1331700760
399
373
355
332
306
290
261
219
214
196
173
158
152
170
165
150
122
115
109
105
97
83
71
84
79
85
74
72
76
73
399
373
355
328
305
289
260
218
213
202
185
170
164
129
126
115
108
101
108
105
98
97
85
82
77
87
74
72
74
71
399
373
355
332
306
290
261
219
222
204
181
166
160
150
145
134
124
113
107
103
95
81
69
82
77
80
69
67
71
70
399
373
355
328
305
290
261
219
212
201
184
169
158
135
132
121
114
105
112
109
102
101
89
83
78
88
83
81
72
75
405
379
361
338
312
296
267
225
228
208
185
170
164
154
149
138
144
133
143
139
127
113
101
114
104
92
81
79
83
82
399
381
399
372
349
331
287
245
237
226
209
199
184
155
152
139
131
122
130
123
116
115
102
94
89
99
112
122
102
105
43
38
26
22
28
18
21
17
14
12
399
373
355
332
306
290
261
219
208
197
174
159
153
131
126
113
110
121
124
121
95
93
81
90
85
95
86
84
89
87
49
29
25
19
11
9
8
5
6
8
399
373
355
332
306
290
264
216
213
202
197
181
175
152
157
139
132
128
123
120
97
93
79
93
90
96
81
79
73
71
56
47
35
47
38
28
25
29
21
17
1332917106
1332680744
399
373
355
320
293
277
248
206
201
190
165
150
144
176
171
144
122
115
137
134
114
110
98
95
90
100
93
91
98
88
399
373
355
332
306
290
277
236
229
218
195
182
180
158
138
127
120
117
112
111
91
89
69
60
57
63
54
52
58
56
1333160628
1333015896
399
373
355
332
306
290
261
219
214
206
183
168
161
135
130
121
93
86
114
121
141
127
115
109
117
133
122
120
127
119
399
373
355
332
348
332
303
261
256
240
211
196
190
168
163
152
143
136
128
124
116
119
107
120
117
111
81
77
81
78
26
18
15
14
12
18
12
7
10
18
10
7
31
35
25
23
399
373
355
328
305
289
283
235
223
212
195
169
163
128
125
114
107
101
108
105
98
97
83
80
75
85
72
70
72
69
405
379
361
338
312
296
267
225
228
208
185
170
164
154
149
138
144
133
143
139
120
108
105
116
106
94
88
86
93
92
399
381
399
372
349
331
287
245
237
226
209
199
184
155
152
139
131
122
130
123
116
115
102
94
89
99
112
122
127
130
399
373
355
332
306
290
264
216
213
202
180
164
158
135
132
114
107
103
98
95
87
85
71
76
73
79
66
64
58
56
399
373
355
332
306
290
277
236
229
218
195
182
174
158
138
127
120
117
112
111
91
89
69
60
57
63
54
52
58
60
399
373
355
332
306
290
261
219
214
206
183
168
161
135
130
121
93
86
114
121
141
133
121
115
123
139
124
122
129
137
28
34
28
23
26
34
26
23
79
75
71
67
399
373
355
332
306
290
261
219
214
206
183
168
161
135
130
121
93
86
114
121
141
133
121
115
123
139
124
122
129
132
28
34
28
23
26
17
25
19
399
373
355
332
306
290
277
236
229
218
195
182
174
158
138
127
120
117
113
112
92
90
70
61
56
61
52
50
56
58
399
373
355
332
306
290
261
219
214
206
183
168
161
135
130
121
93
86
114
121
141
133
121
115
123
139
124
126
133
136
39
33
43
53
79
71
68
73
399
373
355
332
306
290
261
219
214
206
183
168
161
135
130
121
118
111
83
90
110
107
95
89
94
100
85
87
94
97
79
59
56
50
187
185
193
197
26
187
185
179
181
177
173
170
174
25
1
405
379
361
338
312
296
267
244
239
225
210
189
183
165
143
154
145
138
147
140
114
112
94
85
82
74
65
63
70
68
49
53
33
28
39
29
23
17
22
20
399
373
355
332
306
290
261
219
214
203
180
165
159
137
132
121
114
116
123
120
100
98
86
95
90
100
91
89
95
93
49
35
30
39
22
14
12
9
11
9
399
373
355
332
306
272
251
209
205
194
171
164
159
137
132
121
114
107
102
100
80
78
66
75
72
78
69
67
73
71
43
29
27
41
21
17
13
10
14
15
43
31
27
39
25
23
20
22
25
29
25
23
12
23
19
10
19
9
13
11
49
35
24
29
18
14
12
9
6
4
1331884338
1331183846
399
373
355
332
306
290
261
219
214
203
180
165
159
137
132
121
114
107
114
111
91
111
99
96
91
101
86
84
91
89
49
41
31
21
13
8
399
373
355
332
306
290
261
219
214
203
180
165
159
137
131
120
113
107
102
98
78
74
62
82
79
85
76
74
80
78
399
373
355
332
306
290
261
219
214
206
184
169
163
140
137
119
106
99
112
109
101
99
87
84
92
108
95
93
87
85
25
23
31
23
19
9
4
9
13
11
112
96
83
88
112
96
88
74
80
96
399
373
355
328
305
289
260
218
213
202
180
165
159
127
122
115
108
101
96
93
79
78
66
75
72
75
66
64
70
67
399
373
355
328
305
289
260
218
213
202
180
170
160
128
123
116
109
102
109
102
88
87
81
76
71
81
72
74
80
77
25
23
31
112
96
92
104
86
76
78
73
71
57
1333014458
1332224196
399
373
355
332
306
290
261
219
222
204
181
166
160
150
145
134
124
113
107
103
95
81
69
82
78
82
71
69
73
72
399
373
355
328
305
290
261
219
212
201
184
169
158
135
132
121
114
105
112
109
112
110
98
91
86
96
81
79
72
75
399
381
399
372
349
331
287
245
237
226
209
199
184
155
152
139
131
122
130
144
137
136
129
109
104
114
101
103
89
92
43
33
22
20
28
20
26
19
14
12
399
373
355
332
306
290
261
219
214
203
180
165
159
137
132
119
132
125
118
115
89
87
75
84
79
87
78
76
83
81
1332147258
1331910896
399
373
355
320
293
277
248
206
201
188
163
148
142
159
154
127
155
148
120
117
97
95
83
80
72
80
71
69
75
70
25
20
25
20
25
15
10
14
11
7
1333201988
1332990222
399
373
355
332
306
290
261
219
214
206
183
168
161
139
134
123
110
103
116
123
103
101
89
83
91
81
72
70
75
73
25
20
25
35
25
23
31
22
399
373
355
328
305
282
259
227
220
209
187
174
166
134
130
123
116
107
114
111
97
96
84
78
73
83
74
72
81
78
1027
857
829
783
664
648
619
565
560
549
532
517
511
476
473
462
455
448
455
452
445
444
420
417
404
470
457
447
449
446
79
77
79
77
405
379
361
338
312
296
267
225
228
208
185
170
164
154
149
138
146
135
145
141
131
117
105
118
108
94
83
81
85
83
79
77
71
73
69
65
63
61
43
38
26
22
28
18
28
22
27
25
399
373
355
332
306
290
278
230
223
212
189
163
157
135
130
117
114
121
124
121
95
93
79
88
83
93
84
82
87
85
56
47
35
47
37
32
28
31
20
18
1333148892
1333004160
399
373
355
332
306
290
261
219
214
206
183
168
161
135
130
121
93
86
114
121
141
137
125
120
128
144
129
127
134
126
31
23
19
20
25
35
25
23
399
373
355
328
305
289
283
235
222
217
200
169
163
128
125
114
109
99
104
101
94
93
79
76
73
78
65
63
65
62
20
405
379
361
338
312
296
264
216
231
220
197
158
152
145
140
129
132
121
131
127
108
96
90
101
91
87
81
79
86
85
132
126
138
120
399
373
355
332
306
290
277
236
229
218
195
182
174
158
138
127
120
117
112
111
91
89
69
60
57
63
56
54
66
68
399
373
355
332
350
334
290
248
242
234
205
190
183
151
146
137
109
102
130
137
163
155
143
137
145
161
131
127
134
142
28
34
28
19
25
17
25
19
399
373
355
332
306
290
277
223
213
202
179
161
153
137
126
115
108
105
100
96
76
74
66
59
56
62
53
51
57
59
17
187
185
193
185
49
53
33
29
43
33
43
33
25
23
399
373
346
323
306
290
246
212
206
195
172
157
151
129
124
113
106
104
111
108
88
86
82
91
86
96
87
89
95
93
144
128
120
130
110
78
76
71
73
65
115
100
98
113
90
86
79
74
81
82
43
31
27
39
25
23
21
19
21
25
1332338588
1331638096
399
373
355
332
306
290
261
219
214
203
180
165
159
137
132
399
373
355
332
306
290
261
219
214
203
180
165
159
137
131
120
113
107
102
106
86
82
70
90
87
93
84
82
88
86
399
373
355
332
306
290
261
219
214
206
184
169
163
140
137
119
104
97
84
81
78
76
64
61
69
79
68
66
63
61
39
33
43
33
25
15
10
15
23
21
25
23
12
14
243
216
187
192
243
227
209
162
168
184
399
372
354
328
313
297
268
234
229
218
180
165
159
124
119
112
104
97
92
89
75
74
70
79
76
79
70
72
86
83
49
41
31
35
112
96
92
104
86
76
78
73
71
69
399
373
355
332
306
290
261
219
222
204
181
166
160
150
145
119
109
98
92
88
79
77
65
78
74
78
69
67
70
69
132
126
138
148
79
77
85
71
399
373
355
320
293
277
248
206
201
188
163
148
142
159
154
127
155
148
120
117
97
95
83
78
70
78
69
67
73
68
25
20
25
20
25
18
11
8
6
4
399
373
355
332
306
290
261
219
214
206
183
168
161
139
134
123
110
103
116
123
103
101
89
83
91
81
72
70
1027
857
829
783
664
648
619
611
606
595
548
527
521
486
480
469
462
458
465
458
451
450
420
417
404
470
457
447
450
447
405
379
361
338
312
296
267
225
228
208
185
170
164
154
149
138
146
135
145
141
131
117
105
118
108
94
83
81
89
87
85
89
79
75
43
38
26
22
28
18
28
22
15
13
56
47
35
24
20
17
21
26
37
35
399
373
355
332
306
290
261
219
214
206
228
213
206
171
166
151
119
112
144
151
174
170
158
153
161
177
154
152
137
128
536
474
446
413
358
342
336
280
267
262
245
214
208
173
170
159
154
144
149
146
139
138
116
113
108
121
108
102
104
101
399
373
355
332
350
334
290
248
242
234
205
190
183
151
146
137
109
102
130
137
163
155
136
130
138
144
114
102
109
114
28
34
28
19
14
11
14
17
79
75
62
60
187
185
193
25
23
31
35
25
23
31
35
25
23
31
35
25
20
26
22
25
23
31
35
25
23
31
35
22
79
77
85
89
25
23
31
23
