
25
41
7
3000010000
25
41
9
3000000000
25
41
8
3000010000
25
41
23
3000010000
25
41
10
3000010000
25
44
9
3000000000
30
41
10
3000010000
25
41
25
3000010000
25
43
25
3000010000
27
44
9
3000000000
23
43
25
3000010000
23
40
25
3000010000
27
46
9
3000000000
21
40
25
3000010000
23
46
9
3000000000
23
46
10
3000000000
16
46
10
3000000000
16
46
10
3000000010
16
50
10
3000000010
16
40
10
3000000010
16
40
10
7000000010
25
41
7
3000000000
25
41
7
3000010100
13
41
8
3000010000
25
39
9
3000000000
29
41
8
3000010000
29
44
9
3000000000
25
41
9
3000010000
25
41
23
1000010000
30
41
10
3000110000
23
41
25
3000010000
25
43
27
3000010000
27
44
7
3000000000
23
40
23
3000010000
27
46
9
3001000000
25
46
10
3000000000
16
44
10
3000000000
16
46
8
3000000000
16
50
12
3000000010
13
41
7
3000000000
25
51
7
3000010100
29
39
8
3000010000
29
44
11
3000000000
27
41
23
1000010000
30
41
13
3000110000
25
41
9
3000100000
20
44
9
3000000000
25
45
27
3000010000
25
44
9
3000010000
27
46
7
3000000000
30
46
9
3001000000
21
46
9
3000000000
25
46
10
3000000001
16
44
8
3000000000
16
50
8
3000000010
16
42
10
7000000010
13
37
7
3000000000
13
39
8
3000010000
29
37
8
3000010000
30
45
13
3000110000
23
49
25
3000010000
25
57
27
3000010000
23
45
25
3000010000
27
46
7
3010000000
23
40
27
3000010000
30
46
7
3001000000
27
46
10
3000000001
16
44
8
3010000000
16
44
8
3000000010
13
39
7
3000000000
25
53
7
3000010100
19
37
8
3000010000
29
44
11
3000000010
25
41
9
3001010000
30
43
13
3000110000
25
41
9
7000100000
23
49
21
3000010000
25
57
27
1000010000
27
46
7
3010010000
35
46
7
3001000000
27
53
10
3000000001
16
44
8
3010100000
11
44
8
3000000010
25
53
8
3000010100
19
37
10
3000010000
29
44
11
3010000000
25
39
9
7000100000
23
47
21
3000010000
20
42
9
3000000000
35
46
10
3001000000
27
53
8
3000000001
11
44
10
3000000010
16
42
11
7000000010
25
48
8
3000010100
20
46
9
3000000000
25
57
27
1010010000
29
53
8
3000000001
16
42
8
3010100000
11
44
6
3000000010
16
42
17
7000000010
20
34
9
3000000000
25
135
27
1010010000
31
53
8
3000000001
20
42
8
3010100000
16
40
17
7000000010
30
48
8
3000010100
20
40
9
3000000000
30
40
8
3000010100
27
43
13
3000110000
23
135
27
1010010000
27
43
13
1000110000
23
135
31
1010010000
19
135
31
1010010000
19
115
31
1010010000
23
41
7
3000010000
27
41
9
3000000000
18
41
10
3000010000
27
41
7
3000010000
21
44
9
3000000000
25
41
29
3000010000
25
43
25
7000010000
23
43
23
3000010000
23
48
25
3000010000
18
40
25
3000010000
23
46
7
3000000000
25
48
10
3000000000
18
50
10
3000000010
14
40
10
3000000010
30
41
7
3000010100
25
39
10
3000000000
29
49
8
3000010000
29
42
9
3000000000
38
41
10
3000110000
25
44
9
3000000001
25
40
9
3000000000
25
47
25
3000010000
23
40
28
3000010000
18
46
9
3001000000
23
46
5
3000000000
21
46
10
3000000000
14
44
10
3000000000
25
49
7
3000010100
15
41
8
3000010000
31
39
8
3000010000
25
44
11
3000000000
30
41
13
1000110000
17
44
9
3000000000
25
45
19
3000010000
23
43
29
3000010000
27
46
5
3000000000
23
50
23
3000010000
25
42
10
3000000001
13
39
8
3001000000
29
32
8
3000010000
29
44
5
3000000000
25
63
9
3000010000
30
45
13
3001000000
30
41
9
3000100000
23
47
25
3000010000
25
57
27
3010010000
32
46
7
3010000000
26
40
27
3000010000
15
39
7
3000000000
19
37
12
3000010000
29
44
15
3000000010
26
41
9
3001010000
30
43
13
3010110000
25
43
9
7000100000
23
44
9
3000000000
25
57
27
1000100000
27
44
7
3010010000
35
46
7
1001000000
16
35
8
3010100000
7
44
8
3000000010
25
73
8
3000010100
23
50
21
3000010000
25
57
32
1000010000
35
54
10
3001000000
18
44
8
3010100000
16
44
11
7000000010
13
48
8
3000010100
25
37
9
7000100000
23
47
19
3000010000
25
57
32
1010010000
25
48
8
3000100001
25
139
27
1010010000
14
40
17
7000000010
28
48
8
3000010100
30
35
13
3000110000
16
40
9
3000000000
25
140
27
1010010000
30
40
8
3000000100
23
129
27
1010010000
27
43
13
1000111000
11
135
31
1010010000
27
41
13
1000110000
19
115
27
1010010000
25
41
9
3000001000
25
39
8
3000010000
20
41
10
3000010000
