1
0
2
200
2
0
0
9
200
90000
0
200
10
360000
9
3600
100
90
180
18
3
1000
1
0
36000
90
0
0
3
0
0
0
10
3600000
0
0
3600000
900
2
0
100
360
9000
3
40
2000
360000
400
400
36
0
0
0
18000
400
3600
10000
0
9
3
3600000
20
300
40
3600000
20
40000
3600
1800
2
0
9
4000
10
360000
3000
90
40
36000
180
1800
900
360
400
2000
36
18000
20
40000
100
4
1000
200
3600000
9000
3600
10000
3
30
20000
1
0
0
0
0
0
0
90
0
0
0
0
40
400
0
0
900
0
0
0
0
0
9
0
10
0
180
0
0
0
400
400
40
0
400
4000
0
0
0
0
0
0
0
0
900
0
0
400
400
0
18000
400
0
0
0
0
4
0
40
0
0
0
0
0
0
0
10
4
0
0
0
1000
40000
0
0
0
0
0
0
0
0
0
0
0
0
0
0
0
0
0
0
0
0
0
0
0
0
0
0
0
0
0
0
0
0
0
0
0
0
0
0
0
0
0
2
0
0
9
3000
10
90
90
18000
36
0
360
0
40
360000
0
400
3600000
0
2
0
0
40
0
0
90
360
0
0
0
360
40
0
0
0
0
0
0
0
2
0
100
40
4
0
0
0
9000
0
0
0
100
0
0
0
