
2
10
4
10
3
10
2
9
4
9
2
8
3
9
4
8
3
8
2
0
2
6
0
10
2
7
3
6
3
0
4
6
2
4
4
0
3
7
2
10
2
10
2
10
2
10
2
10
2
10
2
10
2
10
2
10
4
10
3
10
3
10
2
10
3
10
2
10
2
10
4
10
2
9
2
10
4
10
2
10
2
10
2
10
2
10
4
10
3
10
2
10
2
10
4
10
3
10
2
9
3
10
2
10
2
10
4
10
2
10
2
10
2
10
4
10
4
9
3
9
2
10
2
10
4
10
4
9
3
10
3
10
4
10
3
10
2
9
3
10
2
9
2
10
4
10
2
9
2
10
2
10
2
10
2
10
4
10
3
10
2
10
2
10
2
10
4
9
2
10
2
10
2
8
4
10
4
9
4
10
3
10
2
8
4
10
2
10
4
10
3
10
2
10
2
8
2
9
3
10
4
8
4
10
4
9
4
10
4
10
4
10
2
10
2
10
2
9
2
10
4
10
2
10
3
10
4
10
3
10
2
10
2
10
2
9
2
9
3
10
3
9
2
10
2
8
2
10
4
10
2
10
4
9
4
10
3
8
3
8
3
10
3
10
2
9
4
9
2
10
2
10
3
10
2
9
2
9
3
9
4
10
2
10
4
9
4
10
3
9
4
9
2
10
4
9
3
9
3
8
4
9
2
9
4
10
2
10
3
8
3
10
2
10
3
9
3
10
3
8
2
10
4
10
2
10
2
9
3
8
3
8
3
9
4
8
2
10
2
10
2
8
2
8
4
9
4
10
4
10
2
9
4
8
4
9
3
10
4
10
2
10
4
10
2
10
2
8
4
10
4
10
2
7
3
9
4
10
4
10
4
10
3
10
3
10
3
10
2
9
2
10
2
10
3
10
2
10
4
10
