902552662
937481864
622757975
153616455
950618124
166788441
96
61556388
6
686170158
690506414
610612729
468274591
263582894
182445995
115095058
417282843
218379003
739859600
979862110
586027906
47316973
469809072
217549120
26965409
304775472
672219263
830053173
781894559
374487330
422120691
915434300
490502902
317561710
425351916
205882741
681105159
776665722
79733389
467900233
809070133
394710257
553769136
653224436
551317088
715056107
876956862
914685395
905505924
491866864
151560108
896821809
282872349
359665739
153616455
747936966
468036582
716427856
738462480
6
217549120
