1000000000
2000010000
8
6
420
125944
2001010000
2001010010
2001110010
2000010010
2000010011
2001000000
1000055000
8
5
420
125944
2001011010
2001100010
2100010010
2000010012
2001000001
1000055005
8
5
420
209374
2001100000
2101010010
2002000001
1000055055
2011100000
2101010000
2010010011
2011110000
2102010000
2010010111
2010110000
2102010100
2010011111
2010110001
2102010200
2011011111
2010110101
2102010210
2011001111
2010110111
2112010210
1010110111
2112010220
1110110111
2112010120
1110111111
2122010120
1100111111
2122010220
1200111111
2122010221
1200011111
1122010221
1200011112
1112010221
1200111112
1112010121
1200111122
1111010121
1100111122
1111010221
1101111122
111010221
1101112122
111011221
1101102122
111011211
1101102222
111001211
1102102222
111101211
1102002222
1102002212
1102012212
1002012212
1001012212
1000012212
1000006106
1005000000
8
6
877
111488
1000000000
8
9
420
125944
2101010011
2001110110
1000505005
2000020011
1000050000
2001011110
2001100110
2101020010
2000000012
8
5
420
179064
2101100000
2100010011
2101110000
2010110011
2011110100
1102010000
2000010111
2010011121
2112010200
2011011211
2010100101
1011001111
10110111
2112011220
1100110111
2111010120
1010111111
1122010120
1100211111
1200111101
2122011221
1200012111
1122011221
1100011112
1112020221
1201011112
1112010122
1200111121
1111010111
1100121122
1211010221
1101111222
111010220
1101112112
1111011221
1101102121
101011211
121001211
1102112222
111111211
1102102212
1101002212
1102011212
1001006106
1001012222
1000012211
1000006101
1005000500
8
6
877
122271
8
9
420
140061
2101010111
2001111110
1000555005
1000100000
1005505555
2001100210
2101120010
1005000006
7
5
420
179064
2111010011
2100010001
2001110100
2101110001
2110010011
2011110010
1102010001
1011110100
2000011111
2112110200
2011011210
2010100111
1010001111
2010110112
11110111
2112110220
1100110112
2111010121
1010211111
122010120
1100210111
1100111101
2122011222
1200112111
1122111221
1100011122
1112020121
1201012112
1212010122
1201111121
1110010111
1110121122
1201010221
1111111222
101010220
1101112102
1111011220
101010211
1101102112
121001111
1102112122
101111211
1112011212
2001012212
1101012222
1000012201
1000012202
8
9
786
140061
2101110111
2001111010
2101110010
2001200000
