428
0
873
773
0
984
0
0
0
0
428
0
0
773
0
984
0
0
0
0
428
0
873
773
0
984
0
0
0
0
428
0
873
773
0
984
72
0
0
0
0
0
873
773
0
984
0
0
0
0
0
0
873
773
0
984
0
0
0
598
428
0
0
773
0
0
0
0
0
0
428
976
873
773
0
984
0
0
0
0
428
0
873
773
0
1872
0
0
0
0
0
976
873
773
0
984
0
0
0
0
428
976
1706
773
0
984
0
0
0
0
428
0
0
773
0
1550
0
0
0
0
428
0
873
773
0
0
0
0
0
0
428
0
873
860
0
984
0
0
0
0
428
0
0
0
0
984
0
0
0
0
378
0
873
773
0
984
0
0
0
0
428
976
0
773
0
0
0
0
0
0
428
976
1706
0
0
984
0
0
0
0
428
0
0
773
0
1550
0
0
0
598
428
976
873
773
0
0
0
0
0
0
0
0
873
773
314
984
0
0
0
0
0
0
0
773
0
1550
0
0
0
0
378
0
873
773
0
984
0
879
0
0
0
976
873
773
0
984
72
0
0
0
0
0
0
773
0
1550
0
0
0
598
428
976
873
933
0
0
0
0
0
0
428
929
873
773
0
0
0
0
0
0
428
0
873
773
314
1872
0
0
0
0
0
976
873
550
0
984
72
0
0
0
428
1252
873
933
0
0
0
0
0
0
378
0
1370
773
0
984
0
879
0
0
378
0
417
773
0
984
0
879
0
0
428
0
873
0
0
984
0
0
0
0
0
976
873
773
0
984
0
0
841
0
428
976
0
773
0
0
0
0
0
598
428
0
873
0
0
1872
0
0
0
0
0
1832
873
773
0
984
0
0
0
0
428
976
873
773
0
1872
0
0
0
0
683
0
873
773
0
1872
0
0
0
0
0
976
873
0
0
984
72
0
0
0
0
0
0
1256
0
1550
0
0
0
598
428
1252
873
933
0
1872
0
0
0
0
378
0
245
773
0
984
0
879
0
0
428
0
873
773
314
3331
0
0
0
0
428
0
873
773
314
1872
0
0
841
0
428
0
873
1232
0
984
72
0
0
0
0
1084
873
773
0
984
0
0
841
0
428
0
873
860
0
984
0
0
705
0
428
976
873
1371
0
1872
0
0
0
0
0
0
873
773
0
1872
0
0
0
0
428
976
873
773
0
984
72
0
0
0
428
929
873
773
0
0
0
0
841
0
0
0
0
1256
0
1550
72
0
0
598
299
1252
873
933
0
1872
0
0
0
0
428
976
873
773
314
3331
0
0
0
0
0
976
873
550
0
984
72
0
0
598
428
0
873
773
314
1872
0
0
683
0
428
0
873
773
0
1897
72
0
0
0
0
0
1630
773
0
984
0
0
0
0
428
0
873
0
314
984
0
0
0
0
428
1927
873
773
0
984
72
0
0
0
428
0
873
773
0
1897
72
879
0
0
299
1252
873
933
0
1683
0
0
0
0
299
1252
873
0
0
1683
0
0
0
0
299
940
873
0
0
1683
0
0
0
0
428
0
873
1397
0
984
72
0
0
0
428
0
0
773
0
984
0
879
0
0
428
0
873
773
0
3417
0
0
0
0
0
720
873
773
0
984
0
0
0
0
428
0
0
773
413
1550
0
0
0
0
428
976
873
860
0
984
0
0
0
0
0
0
873
773
0
0
0
0
0
0
691
0
0
773
0
1550
0
0
0
0
0
0
0
0
0
984
0
0
0
0
428
0
873
202
0
984
0
0
0
0
428
976
1706
0
0
1465
0
0
0
0
428
976
873
773
0
0
0
879
0
0
0
0
873
773
0
984
72
0
0
0
163
976
1706
0
0
984
0
0
0
0
0
1406
873
550
0
984
72
0
0
0
0
0
0
773
0
1550
72
0
0
598
428
1252
873
933
0
0
0
0
0
598
428
0
873
773
314
0
0
0
0
0
428
976
873
773
0
984
0
879
0
0
428
0
0
773
0
984
72
0
0
0
0
0
873
773
314
984
0
879
0
0
683
0
873
0
0
1872
0
0
0
0
428
976
873
933
0
1872
0
0
0
0
428
929
873
773
0
0
0
879
0
0
0
976
489
0
0
984
72
0
0
0
671
0
873
1232
0
984
72
0
0
0
428
0
873
773
314
984
72
0
0
0
622
0
0
773
0
984
0
0
0
0
0
1084
873
773
0
984
72
0
841
0
0
929
873
773
0
0
0
0
841
0
0
0
0
1256
0
0
72
0
0
598
0
976
873
550
0
984
72
879
0
598
683
0
873
376
0
1872
0
0
0
0
428
976
0
773
314
3331
0
0
0
0
428
0
873
0
0
1897
72
0
0
0
299
1252
359
933
0
1872
0
0
0
0
428
976
873
773
314
3331
72
0
0
0
428
0
873
773
0
2048
72
879
0
0
299
1252
873
933
314
1683
0
0
0
0
299
940
873
0
314
1683
0
0
0
0
709
0
0
773
0
984
0
879
0
0
428
976
0
860
0
984
0
0
0
0
428
976
873
0
0
0
0
879
0
0
428
1406
873
550
0
984
72
0
0
0
0
0
417
773
0
984
0
879
0
0
428
976
0
773
0
984
0
879
0
0
0
976
873
648
0
984
72
0
0
0
428
976
1560
933
0
1872
0
0
0
0
0
976
0
1256
0
1550
0
0
0
598
67
0
245
773
0
984
0
879
0
0
0
1084
633
773
0
984
72
0
841
0
0
0
873
773
0
1872
0
879
0
0
683
0
873
376
0
1872
72
0
0
0
428
0
873
0
0
1897
72
879
0
0
378
0
0
773
0
984
0
879
0
0
428
976
0
773
0
984
0
0
0
0
0
0
873
0
0
1897
72
879
0
0
428
976
0
773
314
3331
72
0
0
0
428
976
873
860
0
1067
0
0
0
0
428
976
0
1256
0
1550
0
0
0
598
0
0
873
773
0
2048
72
879
0
0
0
0
873
773
314
0
0
0
0
0
428
976
873
860
0
1067
0
0
0
1134
428
976
0
1256
413
1550
0
0
0
598
428
0
873
2409
0
984
72
0
0
0
67
0
245
773
0
984
0
0
0
0
428
976
873
860
0
1067
0
0
705
1134
428
976
873
0
0
984
0
0
0
0
0
718
873
773
0
984
0
0
0
0
428
0
0
773
0
2155
0
0
0
598
428
976
1706
0
0
984
72
0
0
0
428
0
873
773
314
1872
0
879
0
0
428
0
873
773
314
1872
0
0
0
799
0
976
873
550
430
984
72
0
0
0
179
976
873
773
0
984
0
0
0
0
428
0
873
773
314
2572
0
0
841
0
428
0
873
860
0
984
72
0
705
0
0
1252
873
933
0
1872
0
0
0
0
428
0
873
773
0
0
72
0
0
0
683
0
873
773
314
1872
0
0
0
0
0
976
0
1256
0
1550
72
0
0
598
428
976
1173
773
314
3331
0
0
0
0
299
425
873
933
0
1872
0
0
0
0
428
976
873
773
314
3331
0
0
841
0
428
929
873
773
0
0
0
0
841
598
299
1252
873
0
0
0
0
0
0
0
428
0
0
773
0
984
0
0
0
598
428
0
873
1397
0
984
0
0
0
0
0
0
873
773
0
3417
0
0
0
0
428
976
1706
0
0
2597
0
0
0
0
163
976
1706
0
0
1421
0
0
0
0
0
976
489
0
0
984
0
0
0
0
622
976
0
773
0
984
0
0
0
0
0
0
0
773
0
1872
0
0
0
0
0
976
0
550
0
984
72
879
0
598
683
0
873
376
0
1872
0
879
0
0
299
1252
140
933
0
1872
0
0
0
0
0
976
873
773
314
3331
72
0
0
0
428
0
873
773
0
0
0
0
841
0
428
976
873
0
0
0
0
1710
0
0
378
0
873
1171
0
984
0
879
0
0
428
0
873
773
314
0
0
0
0
799
428
0
873
773
0
984
0
879
0
0
428
976
873
860
0
984
0
879
0
0
428
0
0
1256
0
0
72
0
0
598
0
0
873
1232
0
984
72
0
0
0
683
0
873
376
0
1872
72
0
0
799
299
1252
873
0
0
1683
0
879
0
0
428
976
0
349
0
984
0
0
0
0
378
0
0
773
0
984
0
879
0
598
428
976
873
860
0
871
0
0
0
0
0
0
873
773
314
984
72
0
0
0
428
976
873
0
0
1067
0
0
0
0
428
976
0
1934
0
1550
0
0
0
598
67
976
245
773
0
984
0
879
0
0
0
0
873
773
0
1872
72
879
0
0
428
976
873
860
314
1067
0
0
0
1134
67
0
245
773
314
984
0
0
0
0
428
0
1590
773
0
984
72
0
0
0
0
0
0
773
413
1550
0
0
0
0
0
641
873
550
0
984
72
0
0
0
378
0
813
773
0
984
0
879
0
0
428
0
1302
773
0
984
72
0
0
0
428
976
873
0
0
1872
0
0
0
0
428
976
873
773
0
1872
0
0
1669
0
0
976
873
773
314
3331
0
0
841
0
428
0
873
1397
0
984
0
0
841
0
428
976
873
860
0
1495
0
0
0
0
0
1406
873
550
0
0
72
0
0
0
0
1042
489
0
0
984
0
0
0
0
0
0
873
773
0
984
72
0
841
0
0
929
873
773
0
0
0
0
841
598
0
0
873
376
0
1872
0
879
0
0
0
976
873
0
314
3331
72
0
0
0
0
0
873
202
0
984
0
0
0
0
0
976
873
0
0
0
0
1710
0
0
