175564755851324324763644
718512763
0
6
87686619
1
12
285122535
30
545014433
5
360285379
89495517
469650540
370736857
445730939
921294799
414690183
51240613
141209239
200471450
100240726
228126328
213571064
41385816
8
653041901
14
705001937
673298806
60
902014388
15
779349856
106830678
729851078
292419933
97463527
289738077
882495350
483820379
5228742
920479892
315849739
469671321
372540891
17787600
18
598608508
42
728085744
852869444
732213280
958631168
642492635
991595446
967606999
455851978
208172902
822724779
192155988
844774035
248900717
555539977
988554467
32729184
10
3
461278736
56
329813604
516900758
713610799
901058285
588482740
633885419
81997207
480680032
227236709
605941910
317837051
133389964
419760254
934658563
855852873
20656944
7
153546810
48
505050061
182671371
224288551
867164784
332591913
731679464
146916844
944706563
184873325
111563089
995650057
935655766
88170853
254096928
571291489
19085220
355306089
688465638
678152365
976792414
322011901
412651438
198537403
565839205
867302506
484215409
375600460
895087751
584645713
709282325
670242821
90409100
33956820
36
553775197
107399434
973852033
998126790
965895703
666165613
24264123
372619075
7807144
649696079
600170187
961023126
951846570
331922767
287740311
399115642
46533420
129191858
694511358
410344351
637412028
770297946
720547620
184835118
647251059
78683600
724006256
627339548
434521061
812802852
584894763
538125641
242550124
65398320
292664386
622951499
894004123
557821120
178410744
827890758
953441508
95715949
255131888
71115463
408733195
672398298
410977795
383288115
930102680
470391907
141696360
33
760404853
639299422
616383833
609137950
650617595
613223673
50873118
123748946
652065060
237513219
137738047
550954013
679579369
621068200
781759080
398371399
9
547643049
361956682
335779619
739351648
905581936
732799412
649493278
773258548
428412692
