
9
4
6
11
8
4
3
11
9
4
21
11
9
4
21
6
8
4
6
9
11
4
21
11
7
4
21
6
8
4
3
9
3
4
21
11
7
4
8
6
7
4
8
9
5
4
8
9
5
4
8
8
5
5
8
8
5
5
8
13
5
7
8
13
9
4
6
55
8
4
3
15
9
4
55
11
9
5
21
6
11
4
8
11
7
4
45
6
7
4
8
36
5
5
6
8
5
4
8
13
16
4
6
55
8
8
3
15
16
4
55
11
11
5
8
11
7
4
8
136
7
8
8
9
5
4
3
8
5
4
2
13
16
4
21
55
8
8
3
10
12
4
55
11
21
5
8
11
5
4
3
13
11
4
21
55
8
8
5
10
12
4
15
11
21
5
6
11
6
4
6
11
9
4
6
15
21
4
3
11
8
4
21
11
28
4
21
6
8
6
6
9
7
4
21
36
7
5
8
9
4
4
8
9
5
4
11
8
5
7
6
13
9
4
6
120
8
4
6
15
9
4
55
4
3
5
21
6
11
7
8
11
12
4
45
6
6
4
8
8
16
4
6
10
8
12
3
15
66
4
55
11
11
5
8
55
5
4
3
4
5
10
2
13
8
9
3
10
15
5
8
11
5
4
3
9
12
10
15
11
21
4
6
11
5
4
3
7
5
10
3
13
15
4
6
15
11
4
28
11
45
4
21
6
7
5
8
36
5
5
11
8
5
13
6
13
9
4
6
26
9
4
15
4
3
5
21
4
12
4
45
5
6
4
21
8
66
4
6
10
8
7
3
15
66
4
45
11
6
5
8
55
21
4
8
11
15
4
6
34
45
5
21
6
5
5
8
36
5
5
11
36
4
13
6
13
11
4
6
26
7
4
15
4
2
5
21
4
12
4
66
5
8
4
21
8
8
8
5
15
7
10
3
13
5
4
8
11
21
4
8
15
15
4
6
23
91
4
21
6
5
5
8
11
5
7
11
36
8
4
6
26
12
4
15
4
13
4
21
8
6
8
5
15
13
10
3
13
26
4
8
15
153
4
21
6
6
7
11
36
8
4
15
26
9
4
21
8
13
10
6
13
153
4
21
8
8
4
15
59
153
4
21
21
153
4
28
21
8
4
15
119
153
5
28
21
8
4
1
119
8
3
1
119
13
4
6
11
8
10
3
11
9
4
1
11
6
4
21
6
11
4
21
14
8
10
3
9
5
4
8
7
5
4
8
6
5
5
21
8
5
7
9
13
9
4
6
153
8
4
2
15
7
4
55
11
9
5
8
6
7
4
55
6
7
4
8
120
7
4
8
8
6
4
8
13
16
4
3
55
6
8
3
15
16
4
55
25
16
4
36
55
12
4
55
12
23
4
21
55
9
4
3
13
6
4
6
17
5
4
6
120
6
4
3
11
8
4
21
19
28
4
66
6
8
6
6
3
7
4
21
28
4
4
8
8
5
7
5
13
9
8
6
120
3
10
21
6
6
4
6
8
29
4
6
10
8
12
8
15
66
4
55
20
8
5
8
55
5
4
2
4
5
36
2
13
15
5
8
10
5
4
5
8
8
8
4
10
25
10
15
11
40
4
6
11
5
10
6
13
15
4
10
15
11
4
28
10
45
4
21
8
7
8
8
36
5
24
6
13
12
4
45
3
8
7
3
20
36
4
45
11
6
5
11
55
5
4
11
9
21
4
8
9
36
5
21
6
5
5
6
36
15
5
11
36
11
4
6
13
7
4
15
10
2
5
21
10
66
4
66
5
8
8
10
15
5
4
8
12
21
4
8
34
15
4
6
16
4
5
8
11
8
4
6
64
3
5
8
4
