47
3
7
-1
2
38
3
-1
-1
1
3
-1
8
1
-1
-1
8
1
3
7
8
1
-1
-1
8
2
-1
7
8
1
3
7
-1
1
-1
-1
-1
2
-1
2
8
1
3
7
3
1
33
29
3
-1
8
2
-1
-1
-1
1
-1
7
-1
1
-1
3
-1
2
-1
2
8
2
24
7
-1
-1
1
7
-1
8
1
3
12
-1
1
3
-1
17
1
3
7
8
2
7
-1
-1
2
7
-1
8
2
20
3
-1
-1
2
3
-1
12
1
12
-1
8
2
3
-1
7
1
-1
-1
7
1
-1
12
7
8
1
3
7
12
2
-1
7
8
2
3
3
17
1
2
-1
-1
2
-1
-1
12
1
7
7
8
1
28
-1
7
17
2
2
-1
-1
1
12
-1
12
1
7
-1
12
1
3
12
-1
2
3
3
8
2
3
7
3
2
12
12
-1
1
-1
3
12
1
15
3
-1
17
2
42
-1
12
-1
2
3
-1
3
1
-1
2
-1
2
3
2
8
2
2
-1
8
2
3
2
-1
2
12
7
-1
2
3
3
8
1
12
-1
17
1
19
3
2
-1
1
3
-1
7
2
-1
2
-1
1
2
3
-1
2
2
3
-1
1
-1
3
-1
1
-1
7
3
1
-1
-1
7
2
-1
12
17
2
3
3
12
1
3
3
-1
2
3
7
17
1
12
-1
-1
2
3
-1
12
2
3
2
8
1
-1
7
-1
2
2
12
-1
1
12
7
-1
1
12
3
12
1
12
-1
-1
1
-1
7
17
1
-1
12
-1
1
38
-1
-1
-1
2
3
7
-1
2
3
7
-1
2
-1
-1
-1
2
-1
7
8
1
3
-1
-1
1
3
-1
-1
1
-1
2
8
1
-1
-1
8
1
38
3
7
-1
2
-1
-1
-1
1
-1
-1
8
1
3
7
-1
1
33
-1
-1
-1
2
-1
33
-1
-1
-1
1
-1
-1
8
2
3
-1
12
1
-1
24
-1
3
-1
12
1
-1
-1
-1
-1
2
-1
-1
8
1
-1
-1
7
8
2
3
-1
-1
2
-1
3
-1
17
1
-1
-1
-1
8
2
-1
-1
-1
12
1
-1
-1
-1
8
1
-1
3
-1
-1
2
24
-1
-1
-1
-1
-1
-1
-1
-1
-1
-1
-1
-1
-1
-1
-1
-1
-1
-1
-1
3
7
8
1
29
24
-1
7
-1
1
3
7
-1
1
3
-1
-1
1
7
-1
-1
2
-1
2
8
2
3
-1
7
1
-1
-1
3
7
-1
1
7
-1
-1
2
-1
24
12
-1
12
1
-1
24
3
-1
-1
1
-1
-1
-1
15
-1
-1
33
-1
-1
-1
-1
-1
-1
-1
-1
-1
-1
-1
-1
-1
-1
7
8
1
-1
-1
-1
7
-1
1
2
-1
-1
2
3
2
-1
1
-1
12
7
-1
2
-1
-1
-1
24
-1
