0
4096
4
1
1
0
512
768
525602746
16
1024
631400690
973550521
0
0
768
525602746
16
0
525602746
525602746
525602746
16
0
525602746
16
525602746
525602746
16
0
525602746
525602746
525602746
1024
0
525602746
0
525602746
525602746
525602746
525602746
16
525602746
525602746
525602746
525602746
525602746
1024
525602746
525602746
525602746
525602746
525602746
525602746
525602746
525602746
525602746
525602746
525602746
525602746
525602746
525602746
525602746
525602746
525602746
525602746
525602746
525602746
525602746
525602746
525602746
525602746
525602746
525602746
525602746
525602746
525602746
525602746
525602746
525602746
525602746
525602746
525602746
525602746
525602746
0
16
1024
16
525602746
525602746
525602746
0
525602746
0
525602746
525602746
525602746
525602746
525602746
525602746
525602746
525602746
525602746
525602746
525602746
525602746
525602746
525602746
525602746
525602746
525602746
525602746
525602746
525602746
525602746
525602746
525602746
525602746
525602746
525602746
525602746
525602746
0
525602746
0
525602746
525602746
525602746
525602746
525602746
525602746
525602746
525602746
525602746
631400690
525602746
525602746
525602746
525602746
525602746
525602746
525602746
525602746
525602746
525602746
525602746
525602746
525602746
525602746
525602746
525602746
525602746
525602746
525602746
525602746
525602746
525602746
525602746
525602746
525602746
525602746
525602746
525602746
525602746
525602746
525602746
525602746
525602746
525602746
525602746
525602746
525602746
525602746
525602746
525602746
525602746
525602746
525602746
525602746
525602746
525602746
525602746
525602746
525602746
525602746
525602746
525602746
525602746
525602746
525602746
525602746
525602746
525602746
525602746
525602746
525602746
525602746
525602746
525602746
525602746
525602746
525602746
525602746
525602746
