1027150
415800
856827
67
864394
883378
62
1093874
85176
79
761181
65
866636
74
683979
84512
764442
77
556107
85468
791618
418837
85120
755912
463488
85488
463520
85260
462218
81942
486788
80274
405164
405156
434977
445537
466466
380274
411278
414438
414484
341034
340878
340894
340854
340812
295575
295542
288863
288894
278040
190751
187024
188984
189006
182217
181314
142362
1012798
144360
89
57
602148
87
870280
922842
86120
73
776281
59
773775
548997
594801
65240
705239
380113
85368
475510
87248
341934
82830
404920
455162
432768
552029
387888
283936
416888
364422
321485
340914
443765
283494
189285
406333
248383
289014
318766
223540
187184
189005
188514
222513
181238
142290
1059770
114896
101
68
415615
71
864611
901571
66
487702
964875
584907
549555
65532
739691
380269
86644
10632
280114
60391
387896
445045
544394
388160
227435
561078
369438
337289
340872
398985
283518
192393
382614
248273
288981
323778
293866
167804
194021
188628
222617
134294
142285
92472
121
407490
749303
756281
451420
989818
70
540075
539038
67140
927618
375018
89100
7910
284734
62301
388116
445307
543362
388497
226935
315270
335044
328773
382554
246058
248092
155536
115178
251433
249038
266247
134352
136525
135
486736
637646
718520
438644
946940
82
577892
442282
65264
876622
306792
4642
330166
64605
414867
543254
423057
213427
