2000000000
2102
0
1000000003
19
32
0
9
32
0
9
30
0
9
12
0
9
12
2010000000
2102
0
1000002003
39
33
0
9
32
23
25
0
9
32
25
9
0
0
35
29
0
9
32
31
0
3
26
22
17
40
0
9
38
0
0
29
0
17
0
0
16
0
0
0
19
0
16
0
25
0
22
0
16
0
13
0
34
0
28
0
13
0
8
0
39
25
0
9
13
0
8
11
1100
0
1000002003
9
22
15
1
4
21
32
9
30
5
32
0
3
23
22
17
45
0
9
24
0
0
7
0
37
0
25
0
21
0
28
0
15
19
32
21
0
0
1100
0
1000000003
1
14
21
19
30
38
0
3
24
22
19
12
28
42
15
0
4
0
1
5
9
26
0
0
5
0
5
5
0
2000000010
9
22
0
9
12
21
1661044801
10
0
0
9
15
35
35
0
9
31
28
30
0
35
0
0
26
22
0
35
0
16
0
23
17
0
13
0
0
13
45
25
0
8
12
39
0
17
31
0
0
7
4
37
0
0
1110
0
1000000003
10
14
21
28
43
15
19
0
1661044901
28
30
14
16
0
20
9
0
13
45
25
8
8
37
0
1110
0
1000000004
28
13
51
27
30
14
51
25
28
10
48
57
31
31
31
31
55
21
24
0
37
40
2010001000
9
26
17
5
26
0
10
32
0
1
34
17
35
0
10
38
0
0
29
8
16
0
10
16
0
28
0
16
29
8
0
39
27
0
49
32
0
9
0
25
9
13
7
16
23
22
17
45
35
0
23
0
11
24
42
0
4
24
22
39
42
15
0
4
13
0
5
2
9
13
21
31
31
0
28
22
0
47
0
0
28
0
37
0
23
1
0
13
8
12
0
17
25
0
0
7
2
1460
0
1000000003
10
14
24
28
34
10
23
29
9
9
13
9
20
13
21
0
28
15
26
29
14
39
67
37
23
30
10
20
9
44
31
33
31
63
9
7
9
26
0
10
35
0
31
2
30
0
0
29
9
16
0
15
0
0
33
27
0
9
23
25
16
15
14
20
24
39
42
13
9
13
16
5
0
0
57
0
33
0
19
3
0
13
2719
0
1000000003
9
26
15
31
24
10
35
25
21
30
0
0
31
9
13
37
0
17
15
14
21
12
0
42
15
27
0
21
30
20
21
42
13
36
0
20
18
21
12
25
13
27
0
21
36
56
15
13
0
0
13
0
2103
0
1000000003
9
12
23
9
0
31
0
22
0
13
0
36
0
31
25
0
9
0
23
4
13
0
1100
0
2000000005
9
19
0
