3
1 2 3
6
1 3 4 5 6 7
2
1 3
4
2 3 4 5
6
1 3 4 5 6 7
2
1 3
5
1 2 3 4 5
7
1 2 3 4 5 6 7
2
1 3
5
1 2 3 4 5
3
1 2 3
2
1 3
4
1 2 3 4
9
1 2 3 4 5 6 7 8 9
3
1 2 3
6
1 3 4 5 6 7
3
1 2 3
5
1 2 3 4 5
7
1 2 3 4 5 6 7
3
1 2 3
5
1 2 3 4 5
7
1 2 3 4 5 6 7
2
1 3
4
1 3 4 5
7
1 2 3 4 5 6 7
2
1 3
4
2 3 4 5
2
1 3
2
1 3
4
1 2 3 4
9
1 2 3 4 5 6 7 8 9
2
2 3
7
1 2 3 4 5 6 7
3
1 2 3
4
1 2 3 5
7
1 2 3 4 5 6 7
3
1 2 3
4
1 3 4 5
7
1 2 3 4 5 6 7
3
1 2 3
4
2 3 4 5
3
1 2 3
4
1 2 3 4
9
1 2 3 4 5 6 7 8 9
2
2 3
7
1 2 3 4 5 6 7
2
2 3
4
1 2 3 5
6
2 3 4 5 6 7
2
1 3
5
1 2 3 4 5
2
1 3
4
1 2 3 4
8
2 3 4 5 6 7 8 9
3
1 2 3
7
1 2 3 4 5 6 7
2
2 3
5
1 2 3 4 5
6
2 3 4 5 6 7
3
1 2 3
5
1 2 3 4 5
6
1 3 4 5 6 7
3
1 2 3
4
2 3 4 5
3
1 2 3
4
1 2 3 4
9
1 2 3 4 5 6 7 8 9
3
1 2 3
2
1 2
2
1 3
3
1 3 4
9
1 2 3 4 5 6 7 8 9
3
1 2 3
7
1 2 3 4 5 6 7
2
1 3
4
1 2 4 5
7
1 2 3 4 5 6 7
2
1 2
5
1 2 3 4 5
6
2 3 4 5 6 7
3
1 2 3
4
1 2 4 5
6
2 3 4 5 6 7
3
1 2 3
4
2 3 4 5
7
1 2 3 4 5 6 7
2
1 2
4
1 3 4 5
6
1 2 3 5 6 7
3
1 2 3
5
1 2 3 4 5
2
2 3
6
1 3 4 5 6 7
3
1 2 3
4
1 2 3 5
6
1 2 3 4 6 7
3
1 2 3
5
1 2 3 4 5
2
1 2
4
1 2 3 4
9
1 2 3 4 5 6 7 8 9
2
2 3
6
2 3 4 5 6 7
2
2 3
4
1 2 3 5
7
1 2 3 4 5 6 7
3
1 2 3
4
1 2 4 5
2
2 3
4
1 2 3 4
9
1 2 3 4 5 6 7 8 9
2
2 3
6
1 2 3 4 6 7
2
1 3
5
1 2 3 4 5
6
2 3 4 5 6 7
2
1 3
4
2 3 4 5
6
2 3 4 5 6 7
3
1 2 3
4
1 3 4 5
6
1 3 4 5 6 7
2
1 3
5
1 2 3 4 5
7
1 2 3 4 5 6 7
2
1 3
5
1 2 3 4 5
3
1 2 3
2
1 3
4
1 2 3 4
9
1 2 3 4 5 6 7 8 9
3
1 2 3
7
1 2 3 4 5 6 7
2
1 3
5
1 2 3 4 5
3
1 2 3
7
1 2 3 4 5 6 7
2
1 3
5
1 2 3 4 5
3
1 2 3
7
1 2 3 4 5 6 7
2
1 3
5
1 2 3 4 5
7
1 2 3 4 5 6 7
2
1 3
4
1 3 4 5
7
1 2 3 4 5 6 7
2
1 3
4
1 3 4 5
6
1 3 4 5 6 7
3
1 2 3
5
1 2 3 4 5
7
1 2 3 4 5 6 7
2
1 3
5
1 2 3 4 5
2
1 3
4
1 2 3 4
9
1 2 3 4 5 6 7 8 9
3
1 2 3
7
1 2 3 4 5 6 7
3
1 2 3
5
1 2 3 4 5
7
1 2 3 4 5 6 7
2
1 3
5
1 2 3 4 5
7
1 2 3 4 5 6 7
3
1 2 3
5
1 2 3 4 5
7
1 2 3 4 5 6 7
2
1 3
5
1 2 3 4 5
7
1 2 3 4 5 6 7
2
1 3
4
1 3 4 5
7
1 2 3 4 5 6 7
2
1 3
5
1 2 3 4 5
7
1 2 3 4 5 6 7
2
1 3
5
1 2 3 4 5
6
1 3 4 5 6 7
3
1 2 3
5
1 2 3 4 5
7
1 2 3 4 5 6 7
2
1 3
5
1 2 3 4 5
7
1 2 3 4 5 6 7
3
1 2 3
5
1 2 3 4 5
2
1 3
4
1 2 3 4
9
1 2 3 4 5 6 7 8 9
2
2 3
7
1 2 3 4 5 6 7
3
1 2 3
4
1 2 3 5
7
1 2 3 4 5 6 7
2
1 3
5
1 2 3 4 5
7
1 2 3 4 5 6 7
3
1 2 3
5
1 2 3 4 5
7
1 2 3 4 5 6 7
2
1 3
5
1 2 3 4 5
7
1 2 3 4 5 6 7
3
1 2 3
4
1 3 4 5
7
1 2 3 4 5 6 7
2
1 3
5
1 2 3 4 5
7
1 2 3 4 5 6 7
3
1 2 3
5
1 2 3 4 5
7
1 2 3 4 5 6 7
3
1 2 3
5
1 2 3 4 5
7
1 2 3 4 5 6 7
3
1 2 3
5
1 2 3 4 5
7
1 2 3 4 5 6 7
3
1 2 3
5
1 2 3 4 5
7
1 2 3 4 5 6 7
3
1 2 3
5
1 2 3 4 5
7
1 2 3 4 5 6 7
3
1 2 3
5
1 2 3 4 5
7
1 2 3 4 5 6 7
2
1 3
5
1 2 3 4 5
7
1 2 3 4 5 6 7
2
1 3
5
1 2 3 4 5
7
1 2 3 4 5 6 7
3
1 2 3
5
1 2 3 4 5
7
1 2 3 4 5 6 7
3
1 2 3
5
1 2 3 4 5
7
1 2 3 4 5 6 7
3
1 2 3
5
1 2 3 4 5
3
1 2 3
7
1 2 3 4 5 6 7
2
1 3
5
1 2 3 4 5
7
1 2 3 4 5 6 7
2
1 3
5
1 2 3 4 5
6
1 3 4 5 6 7
3
1 2 3
5
1 2 3 4 5
2
1 3
4
1 2 3 4
9
1 2 3 4 5 6 7 8 9
3
1 2 3
3
1 2 3
2
1 3
4
1 2 3 4
9
1 2 3 4 5 6 7 8 9
3
1 2 3
7
1 2 3 4 5 6 7
3
1 2 3
5
1 2 3 4 5
7
1 2 3 4 5 6 7
2
1 3
5
1 2 3 4 5
7
1 2 3 4 5 6 7
2
1 3
5
1 2 3 4 5
7
1 2 3 4 5 6 7
2
1 3
5
1 2 3 4 5
7
1 2 3 4 5 6 7
2
1 3
5
1 2 3 4 5
7
1 2 3 4 5 6 7
3
1 2 3
5
1 2 3 4 5
3
1 2 3
7
1 2 3 4 5 6 7
3
1 2 3
5
1 2 3 4 5
7
1 2 3 4 5 6 7
2
1 3
5
1 2 3 4 5
7
1 2 3 4 5 6 7
2
1 3
5
1 2 3 4 5
7
1 2 3 4 5 6 7
3
1 2 3
5
1 2 3 4 5
7
1 2 3 4 5 6 7
2
1 3
5
1 2 3 4 5
7
1 2 3 4 5 6 7
3
1 2 3
5
1 2 3 4 5
7
1 2 3 4 5 6 7
2
1 3
5
1 2 3 4 5
7
1 2 3 4 5 6 7
3
1 2 3
5
1 2 3 4 5
7
1 2 3 4 5 6 7
3
1 2 3
5
1 2 3 4 5
7
1 2 3 4 5 6 7
3
1 2 3
5
1 2 3 4 5
7
1 2 3 4 5 6 7
3
1 2 3
5
1 2 3 4 5
7
1 2 3 4 5 6 7
3
1 2 3
5
1 2 3 4 5
7
1 2 3 4 5 6 7
3
1 2 3
5
1 2 3 4 5
7
1 2 3 4 5 6 7
2
1 3
5
1 2 3 4 5
7
1 2 3 4 5 6 7
3
1 2 3
5
1 2 3 4 5
7
1 2 3 4 5 6 7
2
1 3
5
1 2 3 4 5
7
1 2 3 4 5 6 7
3
1 2 3
5
1 2 3 4 5
7
1 2 3 4 5 6 7
3
1 2 3
4
2 3 4 5
7
1 2 3 4 5 6 7
3
1 2 3
5
1 2 3 4 5
3
1 2 3
4
1 2 3 4
9
1 2 3 4 5 6 7 8 9
2
2 3
7
1 2 3 4 5 6 7
3
1 2 3
5
1 2 3 4 5
6
1 3 4 5 6 7
2
1 3
5
1 2 3 4 5
7
1 2 3 4 5 6 7
3
1 2 3
5
1 2 3 4 5
7
1 2 3 4 5 6 7
3
1 2 3
5
1 2 3 4 5
7
1 2 3 4 5 6 7
3
1 2 3
5
1 2 3 4 5
7
1 2 3 4 5 6 7
3
1 2 3
5
1 2 3 4 5
2
1 3
4
1 2 3 4
8
2 3 4 5 6 7 8 9
3
1 2 3
7
1 2 3 4 5 6 7
3
1 2 3
5
1 2 3 4 5
7
1 2 3 4 5 6 7
3
1 2 3
5
1 2 3 4 5
7
1 2 3 4 5 6 7
3
1 2 3
5
1 2 3 4 5
7
1 2 3 4 5 6 7
2
1 3
5
1 2 3 4 5
7
1 2 3 4 5 6 7
3
1 2 3
5
1 2 3 4 5
7
1 2 3 4 5 6 7
2
2 3
5
1 2 3 4 5
2
1 3
4
1 2 3 4
8
2 3 4 5 6 7 8 9
3
1 2 3
7
1 2 3 4 5 6 7
3
1 2 3
4
2 3 4 5
7
1 2 3 4 5 6 7
3
1 2 3
5
1 2 3 4 5
7
1 2 3 4 5 6 7
2
1 3
5
1 2 3 4 5
7
1 2 3 4 5 6 7
3
1 2 3
5
1 2 3 4 5
7
1 2 3 4 5 6 7
2
2 3
5
1 2 3 4 5
2
1 3
4
1 2 3 4
9
1 2 3 4 5 6 7 8 9
3
1 2 3
7
1 2 3 4 5 6 7
3
1 2 3
5
1 2 3 4 5
7
1 2 3 4 5 6 7
2
1 3
4
2 3 4 5
7
1 2 3 4 5 6 7
3
1 2 3
5
1 2 3 4 5
7
1 2 3 4 5 6 7
3
1 2 3
4
2 3 4 5
7
1 2 3 4 5 6 7
3
1 2 3
4
2 3 4 5
7
1 2 3 4 5 6 7
3
1 2 3
4
2 3 4 5
7
1 2 3 4 5 6 7
2
1 3
4
2 3 4 5
2
1 3
4
1 2 3 4
9
1 2 3 4 5 6 7 8 9
3
1 2 3
6
1 3 4 5 6 7
3
1 2 3
5
1 2 3 4 5
2
1 2
6
1 3 4 5 6 7
2
1 3
5
1 2 3 4 5
7
1 2 3 4 5 6 7
2
1 3
5
1 2 3 4 5
3
1 2 3
7
1 2 3 4 5 6 7
3
1 2 3
5
1 2 3 4 5
7
1 2 3 4 5 6 7
2
1 3
5
1 2 3 4 5
7
1 2 3 4 5 6 7
2
1 3
4
2 3 4 5
6
1 3 4 5 6 7
3
1 2 3
5
1 2 3 4 5
7
1 2 3 4 5 6 7
2
1 3
5
1 2 3 4 5
2
1 3
4
1 2 3 4
9
1 2 3 4 5 6 7 8 9
3
1 2 3
3
1 2 3
3
1 2 3
4
1 2 3 4
9
1 2 3 4 5 6 7 8 9
2
2 3
7
1 2 3 4 5 6 7
3
1 2 3
4
1 2 3 5
7
1 2 3 4 5 6 7
3
1 2 3
5
1 2 3 4 5
7
1 2 3 4 5 6 7
3
1 2 3
5
1 2 3 4 5
7
1 2 3 4 5 6 7
3
1 2 3
5
1 2 3 4 5
7
1 2 3 4 5 6 7
3
1 2 3
5
1 2 3 4 5
2
1 3
4
1 2 3 4
9
1 2 3 4 5 6 7 8 9
2
2 3
7
1 2 3 4 5 6 7
3
1 2 3
4
1 2 3 5
6
2 3 4 5 6 7
2
1 3
5
1 2 3 4 5
7
1 2 3 4 5 6 7
3
1 2 3
5
1 2 3 4 5
7
1 2 3 4 5 6 7
3
1 2 3
5
1 2 3 4 5
7
1 2 3 4 5 6 7
3
1 2 3
5
1 2 3 4 5
7
1 2 3 4 5 6 7
3
1 2 3
5
1 2 3 4 5
7
1 2 3 4 5 6 7
3
1 2 3
5
1 2 3 4 5
7
1 2 3 4 5 6 7
3
1 2 3
5
1 2 3 4 5
7
1 2 3 4 5 6 7
3
1 2 3
5
1 2 3 4 5
7
1 2 3 4 5 6 7
3
1 2 3
5
1 2 3 4 5
7
1 2 3 4 5 6 7
3
1 2 3
4
2 3 4 5
7
1 2 3 4 5 6 7
2
1 3
5
1 2 3 4 5
7
1 2 3 4 5 6 7
2
1 3
5
1 2 3 4 5
7
1 2 3 4 5 6 7
2
1 3
5
1 2 3 4 5
6
1 3 4 5 6 7
3
1 2 3
5
1 2 3 4 5
2
1 3
4
1 2 3 4
9
1 2 3 4 5 6 7 8 9
3
1 2 3
7
1 2 3 4 5 6 7
3
1 2 3
4
1 3 4 5
7
1 2 3 4 5 6 7
3
1 2 3
5
1 2 3 4 5
7
1 2 3 4 5 6 7
2
1 3
5
1 2 3 4 5
7
1 2 3 4 5 6 7
3
1 2 3
5
1 2 3 4 5
7
1 2 3 4 5 6 7
2
2 3
4
1 2 3 5
7
1 2 3 4 5 6 7
2
1 3
5
1 2 3 4 5
7
1 2 3 4 5 6 7
2
1 3
5
1 2 3 4 5
7
1 2 3 4 5 6 7
2
1 3
5
1 2 3 4 5
7
1 2 3 4 5 6 7
3
1 2 3
4
2 3 4 5
7
1 2 3 4 5 6 7
3
1 2 3
5
1 2 3 4 5
7
1 2 3 4 5 6 7
3
1 2 3
5
1 2 3 4 5
2
1 3
4
1 2 3 4
8
2 3 4 5 6 7 8 9
3
1 2 3
7
1 2 3 4 5 6 7
2
1 3
5
1 2 3 4 5
7
1 2 3 4 5 6 7
3
1 2 3
5
1 2 3 4 5
2
1 3
4
1 2 3 4
9
1 2 3 4 5 6 7 8 9
2
2 3
7
1 2 3 4 5 6 7
3
1 2 3
5
1 2 3 4 5
6
1 3 4 5 6 7
3
1 2 3
5
1 2 3 4 5
7
1 2 3 4 5 6 7
3
1 2 3
5
1 2 3 4 5
7
1 2 3 4 5 6 7
3
1 2 3
5
1 2 3 4 5
2
1 3
4
1 2 3 4
8
2 3 4 5 6 7 8 9
3
1 2 3
7
1 2 3 4 5 6 7
3
1 2 3
4
2 3 4 5
3
1 2 3
4
1 2 3 4
9
1 2 3 4 5 6 7 8 9
3
1 2 3
