10000 10000 20000
-10000 -10000 20000
-5 5 
2 5 -4 -4 1
-2 1 -4 3 -7 -7 11
-10000 -10000 -21000
11000 11000 -20000
-5 5
10 10 -3 -4 -8
3 3 -3 -5 4 -7 6
-5 5
10 10 -3 -4 -9
3 3 -3 -5 4 -12 6
-10000 -10000 -22000
-5 5
10 10 -2 -4 -8
3 3 -3 -5 4 -7 6
-5 7
10 10 -3 -4 -9
3 3 -3 -5 4 -12 6
-10000 -10000 -22010
-5 7
10 10 -3 -4 -9
3 3 -3 -5 3 -12 6
-10000 -10000 -22110
-3 7
10 10 -3 -4 -9
3 3 -3 -5 3 -12 6
-10000 -10000 -20100
10000 10000 -10000
-5 5
10 10 -3 -4 -1
3 3 -3 -5 4 -7 6
-8 5
10 10 -3 -4 -9
3 3 -3 -5 4 -7 6
0 0 -20000
-5 5
10 10 -3 -4 -9
3 3 -3 -5 4 -12 8
-5 5
10 10 -2 -4 -16
3 3 -3 -5 4 -7 6
-5 7
10 10 -3 -4 -9
3 3 -2 -5 4 -12 6
-10000 -10000 -22011
-5 7
10 10 -3 -3 -9
3 3 -3 -5 3 -12 6
-16720 -16720 -20100
10000 10000 -10100
-5 5
10 10 -3 -4 -1
3 3 -3 -5 5 -7 6
-8 5
10 10 -3 -4 -9
3 3 -3 -5 2 -7 6
0 0 -10000
-5 6
10 10 -3 -4 -9
3 3 -3 -5 4 -12 6
-5 7
10 10 -3 -4 -9
3 3 -1 -5 4 -12 6
-17252 -17252 -22011
-4 7
10 10 -3 -3 -9
3 3 -3 -5 3 -12 6
-16720 -16720 -20000
-5 5
10 10 -5 -4 -1
3 3 -3 -5 5 -7 6
-8 5
10 10 -3 -4 -9
3 3 -3 -5 2 -9 6
-5 7
10 10 -3 -4 -9
3 3 -1 -5 4 -22 6
-17252 -17252 -22111
-16720 -16720 -20010
-5 5
10 10 -5 -4 -1
3 3 -3 -5 8 -7 6
-8 5
10 10 -3 -4 -9
3 3 -3 -5 1 -9 6
-5 7
10 10 -3 -4 -9
3 3 -1 -5 4 -23 6
-17252 -17252 -22211
-27045 -27045 -20010
-5 5
10 10 -5 -4 -1
3 3 -3 -2 8 -7 6
-8 5
10 10 -3 -6 -9
3 3 -3 -5 2 -9 6
-5 7
10 10 -3 -4 -9
3 3 -1 -9 4 -23 6
-17252 -17252 -12211
-27045 -27045 -21010
-5 5
10 10 -5 -4 -1
3 3 -1 -2 8 -7 6
-8 5
17 17 -3 -6 -9
3 3 -3 -5 2 -9 6
-17252 -17252 -11211
-23343 -23343 -21010
-5 5
10 10 -5 -4 -1
3 3 -1 -2 8 -10 6
-8 5
17 17 -3 -1 -9
3 3 -3 -5 2 -9 6
-17252 -17252 -11210
-5 5
10 10 -5 -4 -1
3 3 -1 -2 8 -10 10
-8 5
17 17 -3 -1 -17
3 3 -3 -5 2 -9 6
-32208 -32208 -11210
-5 5
10 10 -5 -4 -1
0 1 -8 3
-8 5
17 17 -2 -1 -17
3 3 -3 -5 2 -9 6
-32208 -32208 -11200
-5 5
15 15 -5 -4 -1
0 1 -8 3
-10 5
17 17 -2 -1 -17
3 3 -3 -5 2 -9 6
-59257 -59257 -11200
-5 7
15 15 -5 -4 -1
0 1 -8 3
-14 5
17 17 -2 -1 -17
3 3 -3 -5 2 -9 6
-59257 -59257 -11100
-14 5
17 17 -2 -1 -17
3 3 -3 -5 3 -9 6
-14 5
15 15 -2 -1 -17
3 3 -3 -5 3 -9 6
-14 5
15 15 -2 -1 -17
3 3 -3 -5 3 -9 3
-14 5
15 15 -2 -1 -17
3 3 -3 -5 3 -9 5
-10000 -10000 -21100
11001 11001 -20000
-5 5
10 10 -3 -4 -8
3 3 -3 -5 4 -7 2
-5 9
10 10 -3 -4 -9
3 3 -3 -5 4 -12 6
-2407 -2407 -22000
-5 7
10 10 -3 -4 -9
3 3 -3
-15319 -15319 -22010
-5 7
10 10 -3 -4 -15
3 3 -3 -5 3 -12 6
-3 7
10 10 -3 -4 -9
5 5 -3 -5 3 -12 6
-2362 -2362 -20100
10001 10001 -20000
-5 5
5 5 -3 -4 -1
3 3 -3 -5 4 -7 6
-8 5
1 1 -3 -4 -9
3 3 -3 -5 4 -7 6
1 1 -20000
-5 7
10 10 -3 -4 -9
3 3 -3 -5 4 -12 8
-10000 -10000 -21010
-5 5
10 10 -2 -4 -16
3 3 -3 -6 4 -7 6
-5 7
10 10 1 -4 -9
3 3 -2 -5 4 -12 6
-10000 -10000 -22001
-5 7
10 10 -7 -3 -9
3 3 -3 -5 3 -12 6
-279 -279 -20100
10010 10010 -10100
-8 5
10 10 -3 -4 -6
3 3 -3 -5 2 -7 6
1 1 -10000
-5 6
10 10 -3 -4 -9
3 3 -3 -5 4 -12 11
-5 7
10 10 -3 -4 -5
3 3 -1 -5 4 -12 6
-17252 -17252 -12011
-4 14
10 10 -3 -3 -9
3 3 -3 -5 3 -12 6
-16720 -16720 -20001
-8 5
10 10 -3 -4 -9
3 3 -3 0 2 -9 6
-5 7
10 10 -3 -4 -9
3 3 -1 -5 7 -22 6
-17252 -17252 -22121
-5 5
10 10 -6 -4 -1
3 3 -3 -5 8 -7 6
-8 5
10 10 -3 0 -9
3 3 -3 -5 1 -9 6
-17252 -17252 -21211
-33058 -33058 -20010
-8 5
10 10 -3 -6 -9
3 3 -1 -5 2 -9 6
-5 7
10 10 -3 -4 -9
0 0 -1 -9 4 -23 6
-27892 -27892 -12211
-5 5
20 20 -5 -4 -1
3 3 -1 -2 8 -7 6
-8 5
17 17 -3 -6 -9
3 3 -2 -5 2 -9 6
-26239 -26239 -11211
-5 3
10 10 -5 -4 -1
3 3 -1 -2 8 -10 6
-8 5
17 17 -3 -1 -12
3 3 -3 -5 2 -9 6
-1110 10100
-5 5
10 10 -5 -4 -2
3 3 -1 -2 8 -10 10
-8 5
17 17 -3 -1 -17
3 3 -4 -5 2 -9 6
-5 5
10 10 -5 -4 -1
0 1 -14 3
-11 5
17 17 -2 -1 -17
3 3 -3 -5 2 -9 6
-32208 -32208 -1200
-5 5
15 15 -5 -4 -1
0 1
-10 5
5 5 -2 -1 -17
3 3 -3 -5 2 -9 6
-14 5
17 17 -2 -1 -9
3 3 -3 -5 2 -9 6
-14 5
8 8 -2 -1 -17
3 3 -3 -5 3 -9 6
-14 5
15 15 -2 -1 -17
3 3 -2 -5 3 -9 6
-14 5
15 15 -2 -1 -18
3 3 -3 -5 3 -9 3
-14 5
15 15 1 -1 -17
3 3 -3 -5 3 -9 5
-19425 -19425 -21100
11001 11001 -10000
-5 9
10 10 -3 -4 -9
3 3 -3 -5 4 -6 6
-5 4
10 10 -3 -4 -8
3 3 -3 -5 4 -7 6
-5 7
10 10 -3 -1 -9
3 3 -3
-15319 -15319 -22000
-5 5
10 10 -3 -4 -15
3 3 -3 -5 3 -12 6
-1 7
10 10 -3 -4 -9
5 5 -3 -5 3 -12 6
-2362 -2362 -20110
10001 10001 -10000
-5 5
5 5 -3 -4 -1
3 3 -4 -5 4 -7 6
-8 5
1 1 -3 -4 -9
3 3 -3 -5 8 -7 6
-10000 10000
-5 7
10 10 -3 -4 -9
3 3 -3 -5 4 -12 15
-10000 -10000 -21110
-5 5
10 10 -2 -4 -16
1 1 -3 -6 4 -7 6
-11001 11000
-5 11
10 10 -7 -3 -9
3 3 -3 -5 3 -12 6
-279 -279 -20200
10010 10010 -20100
1 1 -20001
-17252 -17252 -12111
-4 14
20 20 -3 -3 -9
3 3 -3 -5 3 -12 6
-10000 10001
-8 5
10 10 -3 -4 -9
3 3 -3 -1 2 -9 6
-5 7
10 10 -3 -4 -7
3 3 -1 -5 7 -22 6
-17252 -17252 -22122
-5 5
10 10 -6 -4 -2
3 3 -3 -5 8 -7 6
-27041 -27041 -21211
-33058 -33058 -20000
-27892 -27892 -11211
-5 5
20 20 -5 -4 -1
4 4 -1 -2 8 -7 6
-26239 -26239 -10211
-7 3
10 10 -5 -4 -1
3 3 -1 -2 8 -10 6
-8 5
17 17 -3 -1 -12
3 3 -3 -3 2 -9 6
-5 5
10 10 -4 -4 -2
3 3 -1 -2 8 -10 10
-8 5
17 17 -3 -1 -17
3 3 -4 -5 1 -9 6
-11 5
17 17 -2 -1 -17
-2 1 -2 3
-37993 -37993 -1200
-5 5
15 15 -5 -4 -1
-1 1
-10 5
9 9 -2 -1 -17
3 3 -3 -5 2 -9 6
-59257 -59257 -21100
-14 5
8 8 -4 -1 -17
3 3 -3 -5 3 -9 6
-14 5
15 15 -2 -1 -17
3 3 -2 -5 3 -9 10
-27092 -27092 -21100
11001 11001 -10001
-5 9
10 10 -3 -4 -9
3 3 -3
-5 4
10 10 -3 -4 -8
3 3 -3 -10 4 -7 6
-20870 -20870 -22000
-5 5
10 10 -3 -4 -15
3 3 -3 -8 3 -12 6
-1 7
10 10 -3 -4 -9
5 5 -5 -5 3 -12 6
-3993 -3993 -20110
-5 5
5 5 -3 -4 -1
3 3 -4 -4 4 -7 6
-8 5
1 1 -3 -4 -9
3 3 -5 -5 8 -7 6
-10000 10010
-5 7
10 10 -3 -4 -9
3 3 -1 -5 4 -12 15
-10000 -10000 -21111
-5 2
10 10 -2 -4 -16
1 1 -3 -6 4 -7 6
-11001 10000
-5 11
10 10 -9 -3 -9
3 3 -3 -5 3 -12 6
-10100 10100
10010 10010 -20110
1 1 -20101
-17252 -17252 -12101
-4 14
20 20 -3 -3 -9
3 3 -2 -5 3 -12 6
-17252 -17252 -21122
-27041 -27041 -20211
-30587 -30587 -20000
-9338 -9338 -11211
-5 5
20 20 -5 -4 -1
4 4 -1 -2 8 -7 2
-4 3
10 10 -5 -4 -1
3 3 -1 -2 8 -10 6
-8 10
17 17 -3 -1 -12
3 3 -3 -3 2 -9 6
-5 5
10 10 -4 -4 -2
0 1 -8 3
-8 5
17 17 -3 -1 -17
2 2 -4 -5 1 -9 6
