1683
1999
1999
1973
1104
550
0
434
63
926
33
1625
837
1
1
1420
1059
0
1407
1999
900
1999
659
0
67
1999
0
1973
2127
434
63
32
1625
837
3
1420
1059
4
1407
274
6
688133507
1
12
108
310
448
1250
10
500000016
2
295276363
20
92
42
771
18
1231
1783
507
8
9
327
1281
522
33
900
1395
571792314
500000017
239
378
29
1346
1550
259562069
311
74
11
84
799260863
110
80
511
756
1626
82
237
1347
58
129
500000023
624657679
22
1147
1264
483
500000218
2828
1267
462
53
17
30
2000
62
1604
762
1148
318
24
754
113
1672
728
85
500000046
3078
886
117
90
78
667
250042203
2165
3077
115
499
77
652419213
260
6178
5
7
938133457
19
1113
205
98
1214
2093
1679
940
1219
15
1921
2234
267
23
820
210
1215
2773
170
5348
21
3357
6331
2262
437
1802
6330
3473
2094
340
3199
119
3200
172
36
45
49
1380
1038
125
54
1628
1421
825
1235
68198
816
411
35
31
72
485
500000077
1216
1465
1
0
0
0
434
63
0
3
688133507
1
0
0
434
63
310
448
1250
0
2
0
434
0
2
448
1250
0
2
0
434
1250
92
2
0
434
