182
0
181
8
33
183
25
187
38
188
28
24
31
23
21
18
16
15
17
3
152
149
163
36
193
32
30
35
29
22
148
146
164
40
20
158
109
147
173
27
26
39
157
106
171
107
129
101
14
103
128
9
133
90
74
89
7
88
84
19
10
85
4
184
6
177
5
67
43
2
153
145
37
180
159
52
137
175
99
13
113
124
98
97
78
87
144
190
66
162
136
115
139
121
51
111
34
86
126
96
79
161
143
135
116
138
123
48
73
12
76
11
127
57
77
80
142
42
1
131
117
118
125
82
110
75
140
132
105
102
141
189
60
72
83
41
130
155
104
71
195
134
33
33
25
24
183
31
24
23
23
17
21
17
16
181
29
23
35
28
28
30
21
21
15
17
28
27
18
20
16
26
148
26
36
31
17
24
15
158
20
24
35
25
15
129
20
101
22
30
23
23
20
109
24
28
23
25
9
22
107
74
