885735196
735990901
915290242
889823267
1
26544849
75550567
176638891
493165595
352024843
113661238
915799654
796813183
284376979
832720962
495638566
1
78933780
644467392
107285575
575284735
28745794
433633
990706354
482572283
62183519
1
894317354
52384783
99872087
915290242
889823267
1
185909247
631282353
176638891
119367792
480057841
796813183
284376979
832720962
495638566
123891017
308039692
979543197
914220663
269296767
462138183
824767360
501051615
865800523
738250928
894317354
756680455
276590224
878192352
67872564
158182570
491261544
825743885
612399160
582817632
490439146
813371220
542784324
309933204
431714685
542798305
731393667
748664626
675335291
724745377
817826171
641760023
1000000006
858461098
298341066
930677042
651713073
484959220
940135353
627379506
676910296
22960327
494433819
205529786
138760929
441461888
844256770
658212340
904593052
822064197
781362950
425843662
509575244
370621770
739496188
492849673
310719782
423479295
169663250
938425020
892867223
731432053
824530224
616611150
511107339
723412487
864437317
325190832
910088257
457317538
751622373
553547234
936707600
552718970
714185708
984399075
774156597
599299165
10294833
896055883
109698159
909833800
583187113
685542976
760876467
90984504
203250330
690667909
255288410
308746351
497989985
746308133
176249157
259211785
966707767
568411909
737672727
832057267
757621779
149645902
159827765
356775124
344260952
402744553
272317524
375597692
739472117
220052742
741218771
917002963
26651501
804282248
77074721
984142229
251132807
729370769
223786375
401952410
56128595
581855981
256217682
491637537
688537230
972770006
734586348
315483192
728856541
978221516
633995923
808030897
388529205
681298832
102404352
388264556
699750515
816475233
505920765
176816476
884304796
528649476
358907911
90135874
193785117
111746243
669765538
300727929
69982728
866021324
651478799
594689705
965341011
249093001
151998137
961696912
34110189
846242548
875162720
621981181
988695271
45166941
90196850
569921512
271000806
835504236
977981238
209431248
95265304
13787528
662398419
859878168
652512544
836120393
362525703
880946543
824885184
231061090
535141465
145687737
962533824
277841537
211327671
141334954
841633924
426973581
661279339
280128243
