0 1
-1 2
-2 3
-5 6
-99 100
-24 25
-2999999999999 3000000000000
0 1
-1 2
-2 3
-3 4
-99 100
-24 25
-2999999999999 3000000000000
0 1
-1 2
-2 3
-5 6
-109 110
-24 25
-2999999999999 3000000000000
0 1
-1 2
-2 3
-3 4
-99 100
-24 25
-1991556943610 1991556943611
0 1
0 1
-2 3
-5 6
-109 110
-24 25
-2999999999999 3000000000000
0 1
-1 2
-1 2
-3 4
-99 100
-24 25
-1991556943610 1991556943611
0 1
0 1
-2 3
-2 3
-109 110
-24 25
-2999999999999 3000000000000
0 1
-1 2
-1 2
-3 4
-99 100
-24 25
-1353142354741 1353142354742
0 1
0 1
-2 3
-2 3
-109 110
-24 25
-4838829180357 4838829180358
0 1
-1 2
-3 4
-3 4
-99 100
-24 25
-1353142354741 1353142354742
0 1
0 1
-5 6
-2 3
-109 110
-24 25
-4838829180357 4838829180358
0 1
-1 2
-3 4
-3 4
-100 101
-24 25
-1353142354741 1353142354742
0 1
0 1
-5 6
-2 3
-109 110
-28 29
-4838829180357 4838829180358
0 1
-1 2
-3 4
-3 4
-100 101
-10 11
-1353142354741 1353142354742
0 1
-1 2
-5 6
-2 3
-109 110
-28 29
-4838829180357 4838829180358
0 1
-1 2
-3 4
-3 4
-100 101
-10 11
-390536414717 390536414718
0 1
-1 2
-3 4
-1 2
-100 101
-10 11
-390536414717 390536414718
0 1
-1 2
-5 6
-1 2
-100 101
-10 11
-390536414717 390536414718
0 1
-1 2
-5 6
-1 2
-100 101
-1 2
-390536414717 390536414718
0 1
-1 2
-2 3
-11 12
-99 100
-24 25
-2999999999999 3000000000000
0 1
-1 2
-2 3
-3 4
-100 101
-24 25
-2999999999999 3000000000000
0 1
-1 2
-2 3
-5 6
-109 110
-24 25
-2677725722784 2677725722785
0 1
-2 3
-2 3
-3 4
-99 100
-24 25
-1991556943610 1991556943611
0 1
0 1
-2 3
-5 6
-109 110
-24 25
-3572104061322 3572104061323
0 1
-1 2
-1 2
-3 4
-99 100
-37 38
-1991556943610 1991556943611
0 1
0 1
-2 3
-4 5
-109 110
-24 25
-2999999999999 3000000000000
0 1
-1 2
-1 2
0 1
-99 100
-24 25
-1353142354741 1353142354742
0 1
0 1
-5 6
-3 4
-109 110
-24 25
-4838829180357 4838829180358
0 1
-1 2
-3 4
-3 4
-110 111
-24 25
-1353142354741 1353142354742
0 1
-1 2
-5 6
-3 4
-100 101
-10 11
-1353142354741 1353142354742
0 1
-1 2
-5 6
0 1
-109 110
-28 29
-4838829180357 4838829180358
0 1
-1 2
-3 4
-3 4
-100 101
-14 15
-390536414717 390536414718
-1 2
-1 2
-3 4
-1 2
-100 101
-10 11
-390536414717 390536414718
0 1
-1 2
-5 6
-1 2
-100 101
-10 11
-766333686843 766333686844
0 1
-1 2
-5 6
-1 2
0 1
-1 2
-390536414717 390536414718
0 1
-1 2
-5 6
-11 12
-99 100
-24 25
-2999999999999 3000000000000
-1 2
-1 2
-2 3
-5 6
-109 110
-24 25
-2677725722784 2677725722785
0 1
-2 3
-2 3
-3 4
-100 101
-24 25
-1991556943610 1991556943611
0 1
0 1
-1 2
-5 6
-109 110
-24 25
-3572104061322 3572104061323
0 1
-1 2
-1 2
-3 4
-99 100
-30 31
-1991556943610 1991556943611
0 1
0 1
-2 3
-4 5
-99 100
-24 25
-2999999999999 3000000000000
0 1
-1 2
-1 2
-1 2
-99 100
-24 25
-1353142354741 1353142354742
0 1
-1 2
-5 6
-3 4
-109 110
-24 25
-4838829180357 4838829180358
0 1
-1 2
-3 4
-7 8
-100 101
-24 25
-1353142354741 1353142354742
0 1
-2 3
-5 6
0 1
-109 110
-28 29
-4838829180357 4838829180358
0 1
-1 2
-3 4
-3 4
-99 100
-14 15
-390536414717 390536414718
-1 2
-1 2
-3 4
-1 2
-110 111
-10 11
-390536414717 390536414718
0 1
-2 3
-5 6
-1 2
-100 101
-10 11
-766333686843 766333686844
0 1
-1 2
-5 6
-1 2
0 1
-1 2
-133532318783 133532318784
-1 2
-1 2
0 1
-5 6
-109 110
-24 25
-2677725722784 2677725722785
0 1
-2 3
-2 3
-3 4
-100 101
-39 40
-1991556943610 1991556943611
-1 2
0 1
-1 2
-5 6
-109 110
-24 25
-3572104061322 3572104061323
0 1
-1 2
-2 3
-1 2
-99 100
-24 25
-1991556943610 1991556943611
0 1
0 1
-2 3
-4 5
-100 101
-24 25
-2999999999999 3000000000000
0 1
-1 2
0 1
-3 4
-109 110
-24 25
-4838829180357 4838829180358
0 1
-1 2
-3 4
-7 8
-100 101
-24 25
-2436703125979 2436703125980
0 1
-2 3
-5 6
0 1
-99 100
-28 29
-4838829180357 4838829180358
0 1
-1 2
-1 2
-3 4
-99 100
-14 15
-390536414717 390536414718
-1 2
-1 2
-7 8
-1 2
-110 111
-10 11
-390536414717 390536414718
-1 2
-2 3
-5 6
-1 2
-100 101
-10 11
-766333686843 766333686844
0 1
-1 2
-3 4
-1 2
0 1
-1 2
-133532318783 133532318784
-1 2
-1 2
0 1
-5 6
-109 110
-27 28
-2677725722784 2677725722785
0 1
-2 3
-2 3
-3 4
0 1
-39 40
-1991556943610 1991556943611
-1 2
0 1
-1 2
-5 6
-109 110
-24 25
-2332457974891 2332457974892
0 1
-2 3
-2 3
-1 2
-99 100
-24 25
-1991556943610 1991556943611
0 1
0 1
-2 3
-4 5
-100 101
-49 50
-2999999999999 3000000000000
0 1
-1 2
0 1
-3 4
-109 110
-24 25
-5095734316933 5095734316934
0 1
-1 2
-3 4
-2 3
-100 101
-24 25
-2436703125979 2436703125980
0 1
-2 3
-11 12
0 1
-99 100
-28 29
-4838829180357 4838829180358
0 1
-1 2
-1 2
-3 4
-99 100
-14 15
-210883275657 210883275658
-1 2
0 1
-7 8
-1 2
-110 111
-10 11
-390536414717 390536414718
-1 2
-2 3
-5 6
-1 2
0 1
-10 11
-766333686843 766333686844
0 1
-1 2
-7 8
-1 2
0 1
-1 2
-133532318783 133532318784
-1 2
-3 4
0 1
-5 6
-109 110
-27 28
-2677725722784 2677725722785
0 1
-2 3
-5 6
-3 4
0 1
-39 40
-1991556943610 1991556943611
-1 2
0 1
-1 2
-5 6
-109 110
-24 25
-2540353946169 2540353946170
0 1
-2 3
-2 3
-1 2
-99 100
-24 25
-1288390796922 1288390796923
0 1
0 1
-2 3
-4 5
-100 101
-55 56
-2999999999999 3000000000000
0 1
-1 2
0 1
-3 4
-109 110
-24 25
-936172580298 936172580299
0 1
-1 2
-3 4
-2 3
-100 101
-24 25
-1275671334658 1275671334659
0 1
-2 3
-11 12
0 1
-99 100
-22 23
-4838829180357 4838829180358
0 1
-1 2
-1 2
-3 4
-100 101
-14 15
-210883275657 210883275658
-1 2
0 1
-8 9
-1 2
-110 111
-10 11
-390536414717 390536414718
-1 2
-5 6
-5 6
-1 2
0 1
-10 11
-766333686843 766333686844
0 1
-1 2
-7 8
-3 4
0 1
-1 2
-133532318783 133532318784
0 1
-3 4
0 1
-5 6
-109 110
-27 28
-2677725722784 2677725722785
0 1
-2 3
-5 6
-3 4
-10 11
-39 40
-1991556943610 1991556943611
0 1
-2 3
-2 3
-3 4
-99 100
-24 25
-1288390796922 1288390796923
0 1
-1 2
-2 3
-4 5
-100 101
-55 56
-2999999999999 3000000000000
0 1
-1 2
0 1
-3 4
-109 110
-24 25
-1246712055272 1246712055273
0 1
-1 2
-3 4
-2 3
-100 101
-24 25
-747848364005 747848364006
0 1
-2 3
-11 12
-1 2
-99 100
-22 23
-4838829180357 4838829180358
0 1
-1 2
-1 2
-3 4
-99 100
-14 15
-294961048160 294961048161
-1 2
0 1
-8 9
-1 2
-109 110
-10 11
-390536414717 390536414718
-1 2
-5 6
-11 12
-1 2
0 1
-10 11
-766333686843 766333686844
-1 2
-1 2
-7 8
-3 4
0 1
-1 2
-133532318783 133532318784
0 1
-3 4
0 1
-5 6
-109 110
-27 28
-300434955456 300434955457
0 1
-3 4
-5 6
-3 4
-10 11
-39 40
-1991556943610 1991556943611
0 1
-2 3
-2 3
-3 4
-99 100
-1 2
-1288390796922 1288390796923
0 1
-1 2
-2 3
-1 2
-100 101
-55 56
-2999999999999 3000000000000
0 1
-1 2
0 1
-3 4
-9 10
-24 25
-1246712055272 1246712055273
0 1
-1 2
-3 4
-2 3
-100 101
-27 28
-747848364005 747848364006
0 1
-2 3
-19 20
-1 2
-99 100
-22 23
-4838829180357 4838829180358
0 1
-1 2
-1 2
-3 4
-100 101
-14 15
-294961048160 294961048161
-1 2
0 1
-8 9
-1 2
-109 110
-10 11
-678758088379 678758088380
-3 4
-5 6
-11 12
-1 2
0 1
-10 11
-766333686843 766333686844
-1 2
-1 2
-7 8
-3 4
0 1
-1 2
-171734329531 171734329532
0 1
0 1
0 1
-5 6
-109 110
-27 28
-300434955456 300434955457
0 1
-3 4
-5 6
-3 4
-10 11
-26 27
-1991556943610 1991556943611
0 1
-5 6
-2 3
-3 4
-99 100
-1 2
-1288390796922 1288390796923
0 1
-1 2
-5 6
-1 2
-100 101
-55 56
-2999999999999 3000000000000
0 1
-1 2
0 1
-3 4
-9 10
-49 50
-1246712055272 1246712055273
0 1
-2 3
-3 4
-2 3
-100 101
-27 28
-747848364005 747848364006
0 1
-2 3
-19 20
-1 2
-109 110
-22 23
-4838829180357 4838829180358
0 1
-1 2
-1 2
-3 4
-110 111
-14 15
-294961048160 294961048161
-1 2
0 1
-8 9
-1 2
-109 110
-9 10
-678758088379 678758088380
-3 4
-5 6
-11 12
-1 2
0 1
-10 11
-3201880685 3201880686
0 1
0 1
0 1
-5 6
-109 110
-27 28
-357303383773 357303383774
0 1
-3 4
-5 6
-3 4
0 1
-26 27
-1991556943610 1991556943611
0 1
-1 2
-11 12
-1 2
-100 101
-55 56
-2999999999999 3000000000000
0 1
-1 2
0 1
0 1
-9 10
-49 50
-1246712055272 1246712055273
0 1
-2 3
-3 4
-2 3
-100 101
-14 15
-747848364005 747848364006
0 1
-2 3
-31 32
-1 2
-109 110
-22 23
-4838829180357 4838829180358
-1 2
-1 2
-1 2
-3 4
-110 111
-14 15
-294961048160 294961048161
-1 2
0 1
-8 9
-1 2
-99 100
-9 10
-678758088379 678758088380
-3 4
-5 6
-11 12
-1 2
0 1
-10 11
-2854222003 2854222004
0 1
0 1
0 1
-5 6
-99 100
-27 28
-357303383773 357303383774
0 1
-3 4
-5 6
-3 4
0 1
-35 36
-1991556943610 1991556943611
0 1
-1 2
-11 12
0 1
-100 101
-55 56
-2999999999999 3000000000000
0 1
-1 2
0 1
0 1
-9 10
-49 50
-813243965517 813243965518
0 1
-2 3
-3 4
-2 3
-100 101
-24 25
-747848364005 747848364006
0 1
0 1
-31 32
-1 2
-109 110
-22 23
-4838829180357 4838829180358
-1 2
-1 2
-1 2
0 1
-110 111
-14 15
-294961048160 294961048161
-1 2
0 1
-8 9
-1 2
-99 100
-13 14
-678758088379 678758088380
-1 2
0 1
0 1
-5 6
-99 100
-27 28
-357303383773 357303383774
0 1
-3 4
-5 6
-3 4
0 1
-35 36
-874723705511 874723705512
0 1
-3 4
0 1
0 1
-9 10
-49 50
-813243965517 813243965518
0 1
-2 3
-3 4
-2 3
-100 101
-24 25
-28231786988 28231786989
0 1
0 1
-63 64
-1 2
-109 110
-22 23
-4838829180357 4838829180358
-2 3
-1 2
-1 2
0 1
-110 111
-14 15
-294961048160 294961048161
-1 2
0 1
-6 7
-1 2
-99 100
-13 14
-678758088379 678758088380
-1 2
-1 2
0 1
-5 6
-99 100
-27 28
-357303383773 357303383774
0 1
-3 4
0 1
0 1
-9 10
-49 50
-150630929682 150630929683
0 1
0 1
-63 64
-1 2
-9 10
-22 23
-4838829180357 4838829180358
-1 2
-1 2
-6 7
-1 2
-99 100
-13 14
-678758088379 678758088380
-1 2
-1 2
0 1
-5 6
-99 100
-42 43
-357303383773 357303383774
0 1
-3 4
0 1
0 1
-10 11
-49 50
-150630929682 150630929683
0 1
0 1
-63 64
0 1
-109 110
-22 23
-4838829180357 4838829180358
-1 2
-1 2
-6 7
-2 3
-99 100
-13 14
-678758088379 678758088380
-1 2
-1 2
-1 2
-5 6
-99 100
-42 43
-357303383773 357303383774
0 1
-4 5
0 1
0 1
-10 11
-49 50
-150630929682 150630929683
0 1
0 1
-63 64
0 1
-9 10
-22 23
-4838829180357 4838829180358
-1 2
-1 2
-6 7
-2 3
-109 110
-13 14
-678758088379 678758088380
-1 2
-1 2
-3 4
-5 6
-99 100
-42 43
-357303383773 357303383774
0 1
0 1
-65 66
0 1
-9 10
-22 23
-4838829180357 4838829180358
-1 2
-3 4
-6 7
-2 3
-109 110
-13 14
-678758088379 678758088380
-1 2
-1 2
-3 4
-5 6
-99 100
-42 43
-705629924929 705629924930
0 1
0 1
-65 66
0 1
-9 10
-22 23
-4753320387780 4753320387781
-1 2
-3 4
-6 7
-2 3
-109 110
-5 6
-678758088379 678758088380
0 1
0 1
-65 66
0 1
-9 10
-22 23
-4190053953231 4190053953232
-1 2
-3 4
-6 7
-2 3
-110 111
-5 6
-678758088379 678758088380
0 1
0 1
-13 14
0 1
-9 10
-22 23
-4190053953231 4190053953232
-1 2
-3 4
-6 7
-2 3
-10 11
-5 6
-678758088379 678758088380
0 1
0 1
-13 14
0 1
-9 10
-45 46
-4190053953231 4190053953232
-1 2
-3 4
-6 7
-2 3
-110 111
-5 6
-56293238152 56293238153
0 1
-1 2
-1 2
-5 6
-99 100
-24 25
-2999999999999 3000000000000
0 1
-1 2
-2 3
-5 6
-99 100
-24 25
-4576389190876 4576389190877
0 1
-1 2
-2 3
-5 6
-109 110
-36 37
-2999999999999 3000000000000
0 1
-1 2
-2 3
-3 4
-99 100
-26 27
-1991556943610 1991556943611
0 1
0 1
-3 4
-5 6
-109 110
-24 25
-2999999999999 3000000000000
0 1
0 1
-2 3
-2 3
-109 110
0 1
-2999999999999 3000000000000
0 1
-2 3
-1 2
-3 4
-99 100
-24 25
-1353142354741 1353142354742
0 1
0 1
-2 3
-4 5
-109 110
-24 25
-4838829180357 4838829180358
0 1
-1 2
-3 4
-4 5
-99 100
-24 25
-1353142354741 1353142354742
0 1
0 1
-7 8
-2 3
-109 110
-24 25
-4838829180357 4838829180358
-1 2
0 1
-5 6
-2 3
-109 110
-28 29
-4838829180357 4838829180358
0 1
-1 2
-3 4
-3 4
-100 101
-10 11
-307434316851 307434316852
0 1
-1 2
-5 6
0 1
-109 110
-53 54
-4838829180357 4838829180358
0 1
-1 2
-3 4
-3 4
-100 101
-11 12
-390536414717 390536414718
0 1
-1 2
-3 4
-1 2
-100 101
-20 21
-390536414717 390536414718
0 1
0 1
-5 6
-1 2
-100 101
-1 2
-390536414717 390536414718
0 1
-1 2
-2 3
-11 12
-99 100
-30 31
-2999999999999 3000000000000
0 1
-3 4
-2 3
-3 4
-100 101
-24 25
-2999999999999 3000000000000
0 1
-1 2
-2 3
-3 4
-109 110
-24 25
-2677725722784 2677725722785
0 1
-2 3
-2 3
-7 8
-99 100
-24 25
-1991556943610 1991556943611
0 1
0 1
-2 3
-5 6
-109 110
-13 14
-3572104061322 3572104061323
0 1
0 1
-2 3
-4 5
-109 110
-4 5
-2999999999999 3000000000000
0 1
-3 4
-3 4
-3 4
-110 111
-24 25
-1353142354741 1353142354742
-1 2
-1 2
-5 6
-3 4
-100 101
-10 11
-1353142354741 1353142354742
0 1
-1 2
-5 6
-1 2
-109 110
-28 29
-4838829180357 4838829180358
0 1
-1 2
-3 4
-3 4
-110 111
-14 15
-390536414717 390536414718
-1 2
-1 2
-3 4
-1 2
-100 101
-7 8
-390536414717 390536414718
0 1
-1 2
-5 6
-1 2
0 1
-10 11
-766333686843 766333686844
0 1
-1 2
-5 6
-1 2
0 1
-3 4
-390536414717 390536414718
-1 2
-1 2
-2 3
0 1
-109 110
-24 25
-2677725722784 2677725722785
0 1
-2 3
0 1
-3 4
-100 101
-24 25
-1991556943610 1991556943611
0 1
0 1
-1 2
-9 10
-109 110
-24 25
-3572104061322 3572104061323
0 1
0 1
-2 3
-4 5
-99 100
-7 8
-2999999999999 3000000000000
0 1
-1 2
-1 2
-1 2
-100 101
-24 25
-1353142354741 1353142354742
0 1
-1 2
-5 6
-3 4
-109 110
-27 28
-4838829180357 4838829180358
0 1
0 1
-3 4
-7 8
-100 101
-24 25
-1353142354741 1353142354742
