
9
6
3595374
1
6
3595374
0
6
3595374
0
0
3595374
1
0
3595374
3
0
3595374
3
0
713307087
2
0
713307087
36
12
3595374
9
1
3595374
1
6
4742080
0
6
452236824
0
6
257287716
0
0
763984296
1
0
312144741
3
0
692143895
43
12
3595374
9
1
745888270
1
12
4742080
0
0
452236824
0
12
257287716
1
2
312144741
1
0
692143895
43
12
456030397
1
6
258462631
0
12
134894835
0
0
122719275
1
2
900896196
18
0
713307087
26
0
713307087
43
20
456030397
2
6
258462631
1
12
134894835
1
6
900896196
18
0
378849471
43
6
456030397
2
6
456019477
2
12
134894835
43
6
22446815
3
6
456019477
1
12
900896196
43
1
22446815
2
4
134894835
1
20
900896196
1
30
900896196
2
4
58081920
2
7
58081920
1
6
260115562
0
6
260115562
0
6
261273292
0
6
214860566
0
7
214860566
0
12
214860566
0
12
300685298
1
12
300685298
1
12
864138587
1
36
864138587
1
36
745194836
1
36
625612499
1
36
614269110
1
27
614269110
1
27
183009375
2
27
183009375
2
1
183009375
2
1
183063390
9
17
3595374
9
6
950813808
1
12
3595374
0
6
882044757
0
2
3595374
2
0
3595374
3
0
720590628
3
0
669833413
2
0
172328490
36
12
532389654
9
1
901799978
1
6
97284386
0
6
28210319
0
0
96788976
0
0
713307087
43
22
3595374
1
12
257287716
0
0
787390482
1
2
69536402
2
0
692143895
3
0
354572102
43
17
456030397
4
1
745888270
0
16
134894835
1
2
436757470
18
1
713307087
26
2
713307087
43
272
456030397
4
12
134894835
1
4
900896196
43
0
456030397
2
6
925646821
2
12
861447554
1
6
793799738
43
6
5380840
3
6
132284969
2
12
320033969
4
12
900896196
2
1
134894835
3
20
900896196
43
1
375760428
2
4
586977111
2
4
846108753
3
7
58081920
1
6
77020973
1
6
6607553
0
6
333298828
1
6
214860566
1
7
214860566
0
12
260115562
1
12
878442964
1
80
864138587
2
36
864138587
1
80
745194836
1
36
170913600
1
81
614269110
1
125
614269110
2
27
182304000
2
8
183009375
1
1
183063390
9
17
119218296
3
6
950813808
1
12
612312689
0
12
882044757
0
2
745888270
0
0
95642270
2
0
354583021
3
0
284320046
2
0
893659373
36
12
472775977
3
1
901799978
1
6
375749403
0
27
257287716
0
2
713307087
36
22
3595374
9
1
300692073
1
42
4742080
1
15
257287716
1
2
690210344
0
0
313996483
3
2
354572102
43
17
136912005
1
6
217181871
0
16
194064920
1
2
708509974
18
2
713307087
222
272
456030397
2
6
516663646
3
12
134894835
1
16
900896196
91
0
456030397
2
2
925646821
2
0
861447554
1
3
793799738
43
6
5315221
3
12
132284969
2
12
838210136
16
12
900896196
2
1
482792581
3
20
925657951
2
2
846108753
1
30
423451933
3
13
58081920
1
2
77020973
1
6
41311999
0
6
974641
1
6
590294341
1
7
365619380
1
2
878442964
2
9
864138587
1
80
580249828
1
12
170913600
1
81
10358929
1
131
614269110
0
27
183009375
2
216
182304000
2
8
575094626
13
17
119218296
3
6
799832816
1
12
401789107
0
20
882044757
1
0
95642270
5
0
354583021
16
12
472775977
1
4
375749403
0
0
28210319
0
27
260126587
1
0
713307087
36
0
3595374
9
1
331570536
1
110
4742080
3
15
257287716
3
2
286863200
223
17
136912005
1
0
217181871
