11384.199576606
100000.000000000
14966.832083565
70710.678118655
100000.000000000
1.000000000
70710.678118655
8968.41056152109013055451
100000.00000000017462298274
14966.83208356479553913232
105118.98020814332994632423
0.50000000015870682546
3.16227766017362910134
8970.19064736088694189675
16196.07920191441553470213
14937.88147850256791571155
12644.01913949839581619017
70710.67811865478870458901
50031.24847532802959904075
2.00000000010192025002
8964.73760073330777231604
11390.09649871329747838899
90466.89673300410504452884
8959.74848977374495007098
2.85043856287359176349
8968.14731424502315348946
12644.00720697373981238343
12766.32186774069487000816
3.50000000004513367458
2.75826479718688233334
0.70710678130581072764
98385.18044663206092081964
9001.70872668084484757856
15473.01564013956522103399
12557.01788841605593916029
3.53553390599614658640
1.11803398876730852862
15803.87868269852333469316
9983.89083724387091933750
5.00000000016598278307
1.58113883017563239264
16053.09163365937820344698
2.63523138350763019844
10799.52240842168066592421
2.06155281290421044105
11503.23711818170704646036
3.00000000006406253306
15185.93179194969343370758
15125.03465252556998166256
9847.00614400146878324449
10799.50056715599566814490
11922.41541813867661403492
6610.29999319246962841135
8476.98247887826983060222
17047.15902090807503554970
1.50000000012084910850
16050.25822781058741384186
14663.22140976625814801082
15240.11383321663925016765
14525.67420982600015122443
13614.54353922386508202180
15648.15592881530028535053
35269.77165742764191236347
6155.21464110457782226149
16999.46488250869515468366
13658.39473476864077383652
7850.93688617486441216897
15893.25280021736034541391
9472.70628687792850541882
16560.40762803261532098986
18718.26197933223738800734
16755.60898624706169357523
32682.62575733213816420175
29104.06158416698599467054
14054.64097536697227042168
13619.99233932209608610719
16994.63655710662351339124
3372.69804883320011867909
3371.93344355242152232677
17931.22773880071326857433
31835.80183471548298257403
3780.02414013458565023029
2952.75210033789653607528
30773.25403042916514095850
14301.16605015321329119615
2951.53934493033193575684
31532.14589491621882189065
29377.78542538573674391955
24974.26753618317161453888
29954.12439182540765614249
26536.04484214025069377385
25179.71848690727347275242
3923.53914758860628353432
30485.36322992862915270962
3635.51653301161786657758
23320.29094057705879095010
32381.49301751569146290421
3771.50119315903248207178
24950.96658183584077050909
31238.07799628526481683366
15345.55687495320307789370
3762.66162435392470797524
15623.48163449716230388731
27408.80825574159098323435
23671.80654280538146849722
15319.68214554311271058396
0.50000000015870682546
8968.41056152109013055451
100000.00000000017462298274
14966.83208356479553913232
3.16227766017362910134
3.16227766017362910134
8970.19064736088694189675
3.16227766017362910134
8970.19064736088694189675
14937.88147850256791571155
8970.19064736088694189675
12644.01913949839581619017
12644.01913949839581619017
12644.01913949839581619017
14966.83208356479553913232
3.16227766017362910134
0.50000000015870682546
100000.00000000017462298274
14966.83208356479553913232
14966.83208356479553913232
3.16227766017362910134
16196.07920191441553470213
14937.88147850256791571155
3.16227766017362910134
8970.19064736088694189675
14937.88147850256791571155
12644.01913949839581619017
14937.88147850256791571155
14966.83208356479553913232
14966.83208356479553913232
14966.83208356479553913232
3.16227766017362910134
8959.74848977374495007098
16196.07920191441553470213
2.85043856287359176349
14937.88147850256791571155
3.16227766017362910134
14937.88147850256791571155
12644.00720697373981238343
12766.32186774069487000816
14966.83208356479553913232
2.75826479718688233334
14966.83208356479553913232
14966.83208356479553913232
3.16227766017362910134
8959.74848977374495007098
2.85043856287359176349
14937.88147850256791571155
3.16227766017362910134
14937.88147850256791571155
15473.01564013956522103399
12644.00720697373981238343
12557.01788841605593916029
12766.32186774069487000816
14966.83208356479553913232
2.75826479718688233334
14966.83208356479553913232
14966.83208356479553913232
3.16227766017362910134
8959.74848977374495007098
15803.87868269852333469316
1.58113883017563239264
14937.88147850256791571155
12644.00720697373981238343
12766.32186774069487000816
14966.83208356479553913232
2.06155281290421044105
14966.83208356479553913232
1.58113883017563239264
14937.88147850256791571155
12766.32186774069487000816
14966.83208356479553913232
2.06155281290421044105
2.00000000010192025002
14966.83208356479553913232
3.00000000006406253306
15185.93179194969343370758
15125.03465252556998166256
14937.88147850256791571155
2.06155281290421044105
11922.41541813867661403492
14966.83208356479553913232
3.00000000006406253306
15185.93179194969343370758
15125.03465252556998166256
14937.88147850256791571155
6610.29999319246962841135
8476.98247887826983060222
2.06155281290421044105
14966.83208356479553913232
8476.98247887826983060222
2.06155281290421044105
14663.22140976625814801082
14525.67420982600015122443
13614.54353922386508202180
14663.22140976625814801082
35269.77165742764191236347
14525.67420982600015122443
6155.21464110457782226149
13614.54353922386508202180
16999.46488250869515468366
