290830112
495006418
106843172
850178361
249186967
441860838
827699421
601638210
441860838
184550589
290830112
495006418
787851116
850178361
249186967
441860838
827699421
601638210
441860838
5
26
68
4
6
34
26
68
4
2
55
26
68
55
26
34
55
23
34
55
0
869336198
495006418
228553211
550394479
614461502
986393507
618108342
997506048
986393507
231169256
324632787
495006418
787851116
883981036
249186967
475663513
827699421
601638210
475663513
34
52
178
2
2
55
26
0
55
20
21
144
869336198
616168356
228553211
671556417
614461502
986393507
618108342
997506048
986393507
252403356
55
21
0
55
0
21
55
23
34
21
55
76
0
0
0
21
0
0
0
89
233
1597
13
1346269
63245986
39
149
290830112
495006418
106843172
850178361
249186967
441860838
827699421
601638210
745349775
365010934
18
26
47
696511070
495006418
787851116
850178361
249186967
441860838
827699421
601638210
441860838
1
26
68
4
55
26
73
55
26
13
869336198
495006418
228553211
0
614461502
986393507
618108342
997506048
986393507
324632787
495006418
787851116
330468356
249186967
922150840
827699421
601638210
922150840
34
107
178
55
23
0
55
28
869336198
361518124
228553211
671556417
614461502
986393507
618108342
997506048
986393507
470199269
55
18
0
869336198
616168356
228553211
545840983
614461502
986393507
618108342
997506048
986393507
55
26
55
24
55
36
55
326
4181
37
297040499
495006418
106843172
856388748
249186967
448071225
827699421
601638210
745349775
807526948
10
26
47
696511070
495006418
0
850178361
249186967
441860838
827699421
601638210
441860838
3
55
42
29
89
23
0
60
55
0
13
869336198
616168356
228553211
545840983
614461502
745349775
618108342
997506048
986393507
55
31
377
55
34
55
73
0
55
41
8
6765
5
696511070
495006418
0
595629102
994637715
441860838
827699421
347088951
441860838
2
55
55
42
987
55
0
8
869336198
940593031
228553211
870265658
614461502
745349775
618108342
997506048
986393507
55
52
233
0
10946
297040499
495006418
197442431
856388748
249186967
448071225
827699421
601638210
745349775
820986698
495006418
0
720104730
994637715
566336466
827699421
347088951
566336466
317811
89
17
0
55
35
869336198
940593031
228553211
95937200
614461502
971021324
618108342
997506048
212065049
55
81
0
58
34
35
869336198
940593031
228553211
95937200
614461502
971021324
618108342
997506048
26942639
610
441961498
495006418
197442431
1309740
394107966
448071225
827699421
746559209
745349775
55
30
2584
21
45
10946
0
402096856
495006418
197442431
961445105
394107966
408206583
827699421
746559209
745349775
92
63
869336198
940593031
228553211
95937200
542972982
971021324
618108342
997506048
26942639
55
33
832040
0
24
0
10957
734325331
495006418
197442431
293673573
394107966
740435058
827699421
746559209
745349775
1
144
13
0
18
734325331
495006418
197442431
293673573
394107966
740435058
827699421
746559209
740435058
57
63
0
0
17
0
25
144
0
514229
55
55
55
55
55
55
55
55
55
55
55
55
55
55
55
55
55
55
55
144
55
55
869336198
616168356
228553211
671556417
614461502
986393507
618108342
997506048
986393507
55
55
23
55
55
144
34
55
55
21
55
76
0
55
55
23
55
55
144
34
55
55
21
55
76
0
0
0
0
55
55
23
55
55
144
34
55
55
21
55
55
144
55
55
21
55
21
89
144
55
55
21
55
21
89
55
55
21
55
0
89
55
21
55
21
