64
838
29
19
2
210
64
830
19
1
210
2
21
812
772
770
722
602
346
342
337
247
212
190
188
454
29
8
4
13
810
500
738
338
341
308
331
249
239
790
808
809
663
769
340
332
225
855
251
64
830
1
210
64
830
210
64
210
64
812
64
812
64
812
64
812
770
346
346
346
346
342
337
337
337
247
247
247
247
247
212
212
212
212
212
212
212
190
190
190
190
190
190
190
188
188
188
188
188
188
188
188
188
188
188
188
188
188
188
188
188
188
188
188
188
188
188
188
188
188
64
21
1
210
830
19
1
210
2
64
830
210
64
830
210
64
772
210
64
64
812
64
812
812
770
722
602
346
346
342
342
337
337
337
247
247
247
247
212
212
212
190
212
212
212
212
190
190
190
190
190
190
190
190
188
188
188
188
188
188
188
188
188
188
188
188
188
188
188
188
188
188
188
188
188
188
188
188
188
188
64
454
29
13
1
210
