38
14
10
15
99
48
1
30
10
53
1
54
43
14
101
30
45
0
44
99
57
28
100
59
51
39
42
40
20
60
31
55
3
6
49
41
15
10
10
54
10
10
45
0
10
45
0
1
0
1
0
54
53
1
10
54
45
1
45
0
0
1
0
1
10
28
0
45
1
101
0
0
1
0
53
28
0
45
101
0
0
28
0
43
0
0
28
0
0
0
28
0
43
0
28
0
0
28
0
0
28
0
28
0
28
0
28
0
0
0
0
0
0
0
0
0
0
0
0
0
0
0
0
0
0
14
54
1
10
54
10
100
45
0
42
10
0
10
0
0
1
0
54
45
0
0
0
1
28
0
45
1
0
0
101
0
0
0
0
28
0
0
28
0
0
0
0
0
0
28
0
28
0
28
0
28
0
0
0
0
0
0
0
0
0
0
0
0
0
0
0
0
0
14
10
31
45
0
0
10
0
1
45
0
1
3
28
0
