0
200000
1
0
200000
7
4
44
1400000
8
6
48
945234
20
61
3938475
52
100
9609879
189
57450
181
103410
5
200
25
121626
105
27028
1081120
300
3458455
4329115
421
2466870
435
5800
5900
6000
10
201
13800000
3
125
15
107820
57
16
472617
2
3308319
40
273830314
4620
22980
149370
55
202
507423
253
692736
10347800
1952400
6336470
113
871
1
6100
80
3228456
2158344
19
116
1417851
603
244860
11490
111
5700
50370
400
7825870
6215545
6200
999799728
9
265
11
4796320
144
2606162
595
207900
101
16790
6210922
88
2877792
758896637
799
559020
252780
33580
1513
500
6300
471790400
121
788017450
415380
804300
1201
2813
13
600
297
27
1222380
102856
7107
471
6500
69
1115592
303
6385
41
30
36
91
648784
12883
6600
153
2473947
150
700
404
6700
606
505
6400
800
6464
6710
900
707
6565
808
6930
1000
5600
0
0
7
44
0
945234
6
20
0
6
100
100
103410
200
200
105
200
105
105
300
200
421
200
421
200
200
435
200
200
200
200
200
200
300
300
300
300
5800
5800
5900
6000
5900
5900
5900
0
200000
0
6
0
4
100
