
34
45
54
54
57
76
96
112
112
19
3
9
62
84
102
102
108
108
128
144
144
3
7
63
85
103
103
109
128
148
164
164
20
2
4
3
5
3
4
4
5
62
6
12
4
8
62
92
110
110
116
116
136
152
152
66
88
106
106
112
132
152
168
168
57
62
84
102
102
108
108
108
124
124
6
10
62
88
106
106
112
112
132
148
148
66
78
96
96
102
121
141
157
157
63
85
103
103
109
109
134
154
154
53
62
84
86
86
92
92
92
108
108
63
89
107
107
113
113
138
158
158
64
86
104
104
110
110
140
164
164
62
84
86
86
92
92
92
108
130
4
6
80
102
120
120
126
126
156
180
180
81
103
121
121
127
127
162
190
190
58
80
82
82
88
88
88
104
126
59
81
83
83
89
89
89
109
131
81
103
121
121
127
146
176
200
200
81
103
121
121
127
127
162
186
186
4
12
35
46
55
55
58
77
102
122
122
86
108
126
126
132
132
152
168
174
91
124
151
151
160
179
194
206
206
64
86
104
104
110
129
154
174
174
61
7
7
38
38
46
47
67
83
83
63
85
103
103
109
109
134
164
164
66
78
96
96
102
121
141
169
169
63
85
87
87
93
93
93
113
135
64
90
108
108
114
114
144
168
168
65
78
96
96
102
121
141
157
157
104
126
144
144
150
150
180
204
204
13
35
53
53
59
78
108
132
132
92
125
152
152
161
180
200
216
216
6
7
3
3
58
63
85
103
103
109
109
109
139
139
40
63
89
89
89
95
95
120
140
140
5
8
64
86
88
88
94
94
94
118
140
58
80
98
98
104
104
134
158
158
62
84
84
84
90
90
90
106
128
58
80
82
82
82
82
82
98
120
81
103
121
121
127
127
59
63
85
103
103
109
109
109
129
129
119
163
199
199
211
268
282
282
283
36
65
87
89
89
95
95
95
123
145
92
131
158
158
167
167
192
212
212
63
85
86
86
92
111
116
132
154
63
85
103
103
103
122
142
158
158
63
85
103
103
109
109
109
119
119
91
124
151
151
160
236
254
254
256
93
132
159
159
168
168
198
222
222
85
107
125
125
131
134
8
8
48
48
59
60
80
96
96
44
12
34
52
52
58
77
102
122
122
64
86
120
120
126
126
156
180
180
64
86
104
104
104
123
148
168
168
64
86
104
104
110
110
110
122
122
63
65
87
105
105
105
124
154
178
178
64
64
82
82
88
88
88
100
100
62
84
102
102
102
123
153
177
177
64
66
83
105
123
123
129
132
83
105
123
123
129
132
162
186
186
94
46
34
45
54
54
57
66
86
102
102
0
6
118
162
198
198
210
229
234
238
238
22
6
8
91
124
151
151
160
160
180
196
196
21
0
0
66
88
106
106
112
112
127
139
139
68
79
97
97
103
122
142
158
158
24
62
84
84
84
90
90
90
106
106
66
78
96
96
102
121
141
157
168
212
248
256
268
325
325
325
325
117
150
177
177
186
186
216
240
240
81
103
121
121
121
121
156
184
184
42
17
63
85
87
87
93
93
93
113
113
4
65
91
109
109
115
115
150
178
178
105
127
145
145
151
151
186
214
214
58
80
82
82
86
86
86
102
124
59
81
83
83
89
89
89
109
149
90
123
150
150
159
179
199
215
215
55
33
65
78
96
96
102
121
141
173
173
4
4
93
126
153
153
162
181
206
226
226
56
63
85
103
103
109
128
148
164
207
64
86
104
104
110
110
110
134
134
120
164
200
200
212
288
307
307
308
4
20
64
86
104
104
110
119
144
164
164
54
70
92
110
110
116
144
144
144
144
65
65
67
67
73
73
73
101
123
62
84
102
102
102
102
122
138
138
65
87
105
105
111
119
144
164
164
91
124
151
151
160
198
208
212
212
8
8
48
48
59
116
136
152
152
121
173
209
209
221
221
246
266
266
84
106
124
124
130
152
65
87
105
105
111
111
111
125
125
26
83
105
123
123
129
132
162
198
198
49
0
7
119
163
199
199
211
249
254
258
258
5
7
67
5
9
67
89
107
107
113
113
128
140
140
0
63
85
89
89
95
95
120
140
140
118
162
162
162
174
193
198
202
202
168
212
248
256
268
365
365
365
366
81
103
121
121
121
121
121
149
149
94
119
146
146
155
193
213
241
241
11
14
41
41
48
50
70
86
86
80
91
100
100
103
122
152
176
182
13
35
53
53
59
59
94
122
122
35
46
55
55
58
58
73
85
85
90
123
150
150
159
179
199
199
199
5
6
48
34
7
7
38
38
46
46
66
82
82
118
162
166
166
178
197
203
207
207
65
78
96
96
100
119
139
171
171
59
81
99
99
105
105
140
168
168
64
86
86
86
92
92
92
116
138
81
81
99
99
105
105
17
61
91
97
108
184
189
193
193
93
126
153
153
162
181
206
231
231
64
86
104
104
110
110
140
140
140
8
24
92
125
152
152
161
170
190
206
206
65
87
105
105
111
120
150
174
174
92
125
152
152
161
256
279
279
281
4
7
85
107
133
133
139
142
93
132
186
186
195
195
225
249
249
92
125
164
164
173
192
212
228
228
84
106
128
128
134
156
85
107
125
125
131
152
65
87
95
95
95
114
144
168
168
84
106
124
124
130
134
36
47
56
56
59
97
122
142
142
23
92
125
152
152
161
161
186
206
206
32
90
135
162
162
171
171
186
198
198
120
164
164
164
176
214
224
232
232
67
80
98
98
104
123
148
168
94
119
146
178
187
225
245
268
268
11
14
41
41
48
50
58
74
74
117
150
177
177
186
186
216
234
234
35
46
55
55
58
58
68
76
76
7
7
46
46
57
57
72
84
84
17
61
91
97
109
185
190
194
194
93
126
153
153
162
177
202
227
227
67
89
107
107
113
116
146
146
146
63
85
103
103
109
128
148
163
196
86
108
126
126
132
132
132
156
156
92
125
152
152
158
167
187
203
203
101
134
161
161
170
207
212
216
216
39
8
8
40
40
48
49
74
94
94
