1697753.38988210241624.28677368843781378.4984290055
1598305.699915
1672492.269984
1624.286774
3781378.498429
1538953.009496
1982344.389882
1585416.429731
1540985.197105
2304618.535191
1537246.770287
2130749.215096
1456413.835394
1537246.767419
1587461.354580
1587594.039996
1714657.039996
1712128.447774
1606487.656383
1707763.207320
3758881.463739
1541915.010719
1949917.706306
2325416.140618
1537246.767009
976442.835394
1537246.765371
2439266.655097
3767308.870693
1287187.757197
3747676.411837
1948121.321209
3765516.175245
2303972.511268
1537246.766190
2075129.260056
2062600.761402
3782036.966640
1652800.766190
1663060.625686
7.892922
1561811.699915
1221115.269984
1535782.367958
1585415.947623
1824005.414659
2040714.687208
1456413.831729
3752125.828851
2100181.672087
1707763.677421
2481206.021700
1470644.368597
976442.840891
1537184.659208
2440333.074906
4195812.411837
2825509.379978
3821734.722531
895912.699915
1535782.362670
1822976.139993
1907106.663354
1342074.672087
1791791.971905
2480240.708885
976442.848222
3141707.787053
3953422.222070
2053873.362670
1822917.512064
2170714.663354
1285297.101961
1536462.988459
2480240.710554
976442.846389
1822917.512089
1918114.571508
1283314.001512
2480240.710763
976442.850054
3672114.222070
1679570.432673
1283405.214125
1290585.524385
895935.698394
1538369.811251
2106.540955
3773284.706590
4034077.565967
2043969.009496
1536167.773481
3810075.565967
2295844.598562
1930621.464843
1587461.361910
2318389.039996
1712128.450745
1595349.884608
1587849.010719
1537246.770697
981583.204313
1537246.771107
1949957.796919
3584441.951143
2309169.661874
1897334.278964
3807026.849469
3815743.498429
2096188.165744
1521989.357609
782665.840891
1537184.655346
2075943.655513
2756340.379978
4447188.565967
1345072.672087
2458241.179871
2480240.709511
869342.850054
3982176.888404
3791926.167272
976442.844557
1758818.512089
1918114.571501
1294614.427597
3568326.222070
1284743.861823
1285053.524385
891443.653013
2121810.421749
1935952.136250
2318389.024853
1684762.965403
750099.204313
2202017.771107
1949957.791365
3019610.552773
2096190.203365
785990.594977
1693150.762273
3134061.956026
449052.808426
3024129.179871
2769995.984371
1303929.052231
3864015.757674
2312065.574603
973190.774157
891444.228797
2318389.045675
1637802.525271
3748132.179871
2769995.984580
1304065.840355
2349212.574603
995812.855804
3777050.941273
2073850.525271
3134119.741369
966490.146065
2059931.133052
3386773.985597
1752440.956166
3781451.200398
8.242641
1806080.621404
1996008.269984
1597621.889757
1196630.354580
1595814.109809
1763722.447774
2154485.722775
1541914.948525
1876450.503488
1020597.767009
1537246.764961
3134114.720803
1313836.757197
3780051.894048
2548060.204372
3758011.341484
2407985.940232
1670711.336304
7.656854
1303211.994420
1556121.207668
3500070.498429
1680510.025273
1707762.267124
2481206.022971
2234424.074906
3555673.455671
2824864.537765
3717820.743436
865997.064980
2228693.362670
3202415.686006
2016586.663354
1351484.163381
2280972.716931
